KEGG_N_GLYCAN_BIOSYNTHESIS 0 0.19 0.5 0.7 0.14 0.6 0.39 0.87 0.51 0.55 0.92 0.41 0.49 0.32 0.6 0.22 0.1 0.21 0.44 0.44 0.7 0.15 0.53 0.44 0.57 0.44 0.6 1 0.41 0.33 0.54 0.37 0.17 0.33 0.33 0.44 0.45 0.71 0.02
KEGG_OTHER_GLYCAN_DEGRADATION 0.45 0.46 0.3 0.66 0.44 0.71 0.2 0.71 0.45 0.29 0.26 0.43 0 0.34 0.34 0.42 0.44 0.51 0.31 0.27 0.54 0.45 0.3 0.19 1 0.4 0.58 0.61 0.25 0.18 0.26 0.35 0.42 0.41 0.36 0.29 0.33 0.54 0.45
KEGG_O_GLYCAN_BIOSYNTHESIS 0.46 0.54 0.52 0 0.33 0.12 0.65 0.79 0.46 0.48 0.67 0.63 1 0.43 0.56 0.39 0.36 0.29 0.57 0.53 0.13 0.38 0.53 0.66 0.82 0.46 0.43 0.67 0.69 0.83 0.5 0.52 0.29 0.4 0.41 0.44 0.32 0.28 0.3
KEGG_GLYCOSAMINOGLYCAN_DEGRADATION 0.5 0.6 0.63 0 0.48 0.28 0.82 0.78 0.62 0.71 0.75 0.65 1 0.65 0.72 0.5 0.48 0.26 0.58 0.63 0.37 0.5 0.57 0.8 0.72 0.58 0.36 0.72 0.59 0.9 0.68 0.63 0.42 0.66 0.58 0.61 0.47 0.38 0.48
KEGG_GLYCOSAMINOGLYCAN_BIOSYNTHESIS_KERATAN_SULFATE 0 0.48 0.61 0.4 0.36 0.57 0.69 0.83 0.38 0.43 1 0.6 0.78 0.47 0.52 0.42 0.19 0.36 0.6 0.62 0.31 0.28 0.61 0.78 0.73 0.44 0.48 0.96 0.49 0.65 0.52 0.66 0.33 0.53 0.56 0.54 0.4 0.36 0.14
KEGG_GLYCEROLIPID_METABOLISM 0.33 0.54 0.55 0 0.33 0.46 1 0.67 0.43 0.58 0.83 0.64 0.79 0.45 0.56 0.44 0.33 0.16 0.58 0.54 0.2 0.36 0.53 0.73 0.64 0.51 0.49 0.67 0.59 0.79 0.63 0.48 0.33 0.4 0.4 0.48 0.35 0.2 0.33
KEGG_GLYCOSYLPHOSPHATIDYLINOSITOL_GPI_ANCHOR_BIOSYNTHESIS 0.14 0.35 0.48 0.76 0.2 0.21 0.57 0.74 0.27 0.87 0.57 0.31 1 0.37 0.45 0.19 0.17 0.3 0.51 0.5 0.7 0.21 0.5 0.67 0.84 0.28 0.63 0.68 0.54 0.51 0.77 0.49 0.26 0.35 0.5 0.53 0.42 0.73 0
KEGG_GLYCEROPHOSPHOLIPID_METABOLISM 0.13 0.2 0.54 0.35 0.18 0.25 0.7 0.68 0.59 0.58 0.69 0.59 1 0.44 0.54 0 0.16 0.23 0.55 0.48 0.34 0.14 0.54 0.69 0.59 0.55 0.39 0.69 0.58 0.9 0.53 0.5 0.27 0.44 0.44 0.46 0.36 0.36 0
KEGG_ETHER_LIPID_METABOLISM 0.24 0.4 0.5 0 0.2 0.11 0.76 0.65 0.29 0.52 1 0.35 0.7 0.38 0.54 0.25 0.24 0.18 0.5 0.48 0.04 0.25 0.5 0.78 0.39 0.32 0.05 1 0.4 0.61 0.4 0.48 0.12 0.36 0.47 0.47 0.17 0.1 0.26
KEGG_ARACHIDONIC_ACID_METABOLISM 0.39 0.52 0.55 0 0.38 0.29 1 0.66 0.46 0.61 0.75 0.52 0.76 0.46 0.58 0.46 0.39 0.3 0.64 0.58 0.14 0.39 0.57 0.67 0.59 0.48 0.5 0.7 0.53 0.76 0.65 0.58 0.32 0.42 0.54 0.56 0.34 0.2 0.39
KEGG_LINOLEIC_ACID_METABOLISM 0.21 0.39 0.48 0 0.17 0.06 0.79 0.51 0.33 0.49 1 0.45 0.79 0.36 0.47 0.32 0.2 0.24 0.6 0.59 0 0.22 0.58 0.69 0.44 0.38 0.36 0.67 0.5 0.7 0.66 0.6 0.08 0.27 0.53 0.42 0.16 0.07 0.2
KEGG_ALPHA_LINOLENIC_ACID_METABOLISM 0.35 0.46 0.57 0 0.3 0.24 0.76 0.59 0.37 0.64 1 0.46 0.67 0.46 0.59 0.39 0.34 0.28 0.69 0.49 0.14 0.34 0.69 0.76 0.55 0.39 0.06 0.85 0.45 0.63 0.87 0.73 0.25 0.42 0.43 0.49 0.25 0.12 0.37
KEGG_SPHINGOLIPID_METABOLISM 0 0.21 0.35 0.38 0.2 0.38 0.78 0.46 1 0.46 0.78 0.96 0.76 0.65 0.56 0.22 0.16 0.2 0.32 0.68 0.27 0.19 0.35 0.8 0.87 0.96 0.47 0.51 0.88 0.67 0.86 0.66 0.24 0.66 0.61 0.55 0.4 0.46 0.08
KEGG_GLYCOSPHINGOLIPID_BIOSYNTHESIS_LACTO_AND_NEOLACTO_SERIES 0.35 0.48 0.62 0.14 0.39 0.14 0.81 0.65 0.55 0.54 1 0.61 0.84 0.47 0.57 0.49 0.32 0.27 0.62 0.6 0 0.39 0.54 0.66 0.65 0.55 0.43 0.69 0.59 0.77 0.56 0.61 0.18 0.45 0.44 0.51 0.35 0.17 0.33
KEGG_GLYCOSPHINGOLIPID_BIOSYNTHESIS_GLOBO_SERIES 0.45 0.72 0.77 0.09 0.46 0 0.99 0.78 0.69 0.62 0.89 0.79 1 0.58 0.7 0.44 0.38 0.14 0.79 0.81 0.21 0.47 0.73 0.9 0.8 0.66 0.65 0.83 0.84 1 0.67 0.95 0.36 0.58 0.62 0.57 0.51 0.59 0.37
KEGG_GLYCOSPHINGOLIPID_BIOSYNTHESIS_GANGLIO_SERIES 0.2 0.26 0.7 0.43 0.18 0.49 0.87 0.8 0.29 0.56 0.75 0.26 0.87 0.5 0.4 0.61 0.22 0 0.73 0.66 0.48 0.22 0.68 0.83 0.71 0.37 0.48 0.7 0.72 1 0.6 0.63 0.27 0.47 0.38 0.56 0.55 0.49 0.09
KEGG_RIBOFLAVIN_METABOLISM 0.19 0.23 0.24 0.15 0.25 0.15 0.44 0.41 0.37 0.37 0.49 0.4 0.44 0.77 0.49 0.24 0.2 0.15 0.23 0.62 0 0.27 0.26 0.42 0.48 0.37 0.55 0.44 0.35 0.53 0.38 0.66 0.18 1 0.56 0.55 0.29 0.24 0.19
KEGG_NICOTINATE_AND_NICOTINAMIDE_METABOLISM 0.43 0.41 0.5 0.78 0.43 0.76 0.06 0.25 0.5 0.65 0 0.3 0.25 0.58 0.54 0.42 0.43 0.5 0.38 0.29 1 0.43 0.37 0.22 0.7 0.43 0.67 0.11 0.33 0.25 0.63 0.16 0.49 0.64 0.58 0.54 0.51 0.88 0.43
KEGG_PANTOTHENATE_AND_COA_BIOSYNTHESIS 0.23 0.48 0.5 0.5 0.34 0.5 0.86 0.6 0.34 0.47 0.68 0.79 0.78 0.44 0.58 0.29 0.21 0.48 0.61 0.61 0 0.28 0.54 0.65 0.56 0.51 0.49 0.66 0.67 1 0.49 0.7 0.44 0.44 0.57 0.66 0.44 0.5 0.23
KEGG_AMINOACYL_TRNA_BIOSYNTHESIS 0.27 0.28 0.5 0.33 0.09 0.32 0.71 0.9 0.3 0.49 0.71 0.33 1 0.45 0.66 0.17 0.43 0.28 0.73 0.56 0 0.36 0.35 0.64 0.39 0.43 0.49 0.63 0.47 0.82 0.51 0.53 0.39 0.48 0.59 0.53 0.44 0.46 0.13
KEGG_BASAL_TRANSCRIPTION_FACTORS 0.13 0.52 0.53 0.21 0.05 0.35 0.68 0.74 0.25 0.61 0.53 0.25 1 0.35 0.54 0.3 0.05 0.2 0.53 0.45 0 0.14 0.53 0.73 0.26 0.27 0.37 0.6 0.59 0.61 0.68 0.43 0.19 0.33 0.41 0.41 0.26 0 0.1
KEGG_NON_HOMOLOGOUS_END_JOINING 0.36 0.42 0.72 0.18 0.32 0.53 0.76 0.67 0.34 0.62 0.76 0.37 1 0.63 0.46 0.53 0.28 0.21 0.62 0.6 0.21 0.36 0.57 0.57 0.46 0.36 0 0.78 0.46 0.75 0.7 0.62 0.19 0.6 0.56 0.61 0.56 0.09 0.3
KEGG_SNARE_INTERACTIONS_IN_VESICULAR_TRANSPORT 0 0.27 0.27 0.42 0.19 0.42 0.57 0.44 0.38 0.44 0.54 0.3 1 0.66 0.52 0.27 0.16 0.26 0.26 0.56 0.32 0.2 0.27 0.54 0.66 0.39 0.52 0.5 0.3 0.85 0.52 0.57 0.18 0.66 0.57 0.55 0.31 0.41 0.06
KEGG_LYSOSOME 0.04 0.17 0.47 0.42 0.18 0.42 0.68 1 0.28 0.5 0.78 0.27 0.67 0.56 0.5 0.28 0.2 0.25 0.51 0.52 0.38 0.19 0.46 0.69 0.8 0.3 0.46 0.82 0.34 0.62 0.61 0.56 0.24 0.56 0.5 0.53 0.36 0.41 0
KEGG_CARDIAC_MUSCLE_CONTRACTION 0.05 0.41 0.53 0.3 0.18 0.31 0.74 0.45 0.36 0.41 0.68 0.41 1 0.39 0.5 0.35 0.17 0.22 0.48 0.61 0.25 0.18 0.45 0.48 0.42 0.37 0.53 0.65 0.43 0.83 0.43 0.6 0.22 0.33 0.56 0.58 0.29 0.3 0
KEGG_RENIN_ANGIOTENSIN_SYSTEM 0.21 0.57 0.67 0.38 0.24 0.31 1 0.62 0.45 0.57 0.91 0.57 0.83 0.44 0.53 0.25 0.24 0.23 0.71 0.64 0 0.23 0.5 0.83 0.57 0.49 0.41 0.86 0.57 0.71 0.56 0.58 0.16 0.18 0.34 0.46 0.26 0.36 0.23
KEGG_CIRCADIAN_RHYTHM_MAMMAL 0.17 0.25 0.41 0.59 0.37 0.51 1 0.56 0 0.62 0.91 0.87 0.81 0.71 0.73 0.4 0.18 0.23 0.3 0.32 0.61 0.38 0.39 0.88 0.56 0.58 0.67 0.55 0.42 0.88 0.6 0.38 0.33 0.71 0.71 0.71 0.7 0.61 0.22
KEGG_TASTE_TRANSDUCTION 0.39 0.63 0.58 0 0.34 0.28 0.95 0.73 0.49 0.67 1 0.7 0.83 0.53 0.64 0.4 0.36 0.37 0.64 0.6 0.2 0.37 0.58 0.74 0.71 0.48 0.5 0.9 0.67 0.76 0.66 0.62 0.34 0.52 0.54 0.54 0.39 0.22 0.36
KEGG_PROXIMAL_TUBULE_BICARBONATE_RECLAMATION 0.07 0.17 0.42 0.33 0.09 0.38 0.8 0.68 0.17 0.39 0.9 0.5 0.65 0.33 0.42 0.4 0.11 0.2 0.49 0.47 0.29 0.11 0.45 0.6 0.74 0.22 0.36 1 0.47 0.62 0.63 0.49 0.16 0.36 0.41 0.43 0.26 0.31 0
KEGG_PATHOGENIC_ESCHERICHIA_COLI_INFECTION 0.11 0.22 0.55 0.46 0.22 0.42 0.7 0.79 0.37 0.53 0.78 0.31 0.63 0.48 0.45 0.3 0.21 0.25 0.58 0.6 0.39 0.23 0.56 0.7 1 0.39 0.47 0.78 0.55 0.6 0.65 0.56 0.36 0.46 0.45 0.53 0.45 0.44 0
KEGG_SYSTEMIC_LUPUS_ERYTHEMATOSUS 0.42 0.56 0.29 1 0.43 0.89 0.23 0.65 0.43 0.6 0.64 0.33 0 0.53 0.7 0.45 0.43 0.82 0.29 0.55 0.9 0.44 0.35 0.27 0.69 0.47 0.76 0.66 0.29 0.09 0.58 0.57 0.45 0.77 0.73 0.57 0.45 0.87 0.43
KEGG_PRIMARY_IMMUNODEFICIENCY 0.42 0.6 0.62 0.26 0.39 0.28 0.86 0.65 0.49 0.59 0.8 0.51 1 0.55 0.66 0.45 0.4 0.5 0.73 0.67 0 0.41 0.58 0.66 0.61 0.47 0.53 0.79 0.59 1 0.6 0.63 0.34 0.52 0.58 0.57 0.39 0.27 0.4
KEGG_HYPERTROPHIC_CARDIOMYOPATHY_HCM 0.33 0.42 0.55 0 0.33 0.44 0.77 0.65 0.44 0.6 0.74 0.56 1 0.48 0.53 0.4 0.31 0.3 0.67 0.57 0.14 0.36 0.55 0.65 0.6 0.49 0.48 0.67 0.6 0.78 0.61 0.53 0.27 0.45 0.48 0.53 0.25 0.11 0.31
KEGG_ARRHYTHMOGENIC_RIGHT_VENTRICULAR_CARDIOMYOPATHY_ARVC 0.29 0.35 0.52 0 0.31 0.44 0.77 0.64 0.4 0.56 0.71 0.56 1 0.48 0.53 0.38 0.28 0.27 0.59 0.53 0.1 0.33 0.51 0.63 0.58 0.4 0.47 0.69 0.63 0.57 0.63 0.5 0.28 0.46 0.46 0.5 0.35 0.07 0.28
KEGG_DILATED_CARDIOMYOPATHY 0.31 0.39 0.52 0 0.3 0.43 0.77 0.62 0.41 0.56 0.7 0.5 1 0.46 0.52 0.39 0.28 0.27 0.64 0.55 0.09 0.33 0.51 0.62 0.58 0.43 0.46 0.67 0.56 0.8 0.56 0.5 0.27 0.43 0.45 0.49 0.25 0.08 0.28
KEGG_GLYCOLYSIS_GLUCONEOGENESIS 0.03 0.39 0.46 0.29 0.16 0.33 0.77 0.65 0.37 0.5 0.9 0.41 0.65 0.37 0.46 0.34 0.17 0.17 0.5 0.52 0.25 0.18 0.46 0.64 0.52 0.38 0.38 1 0.46 0.58 0.52 0.5 0.21 0.32 0.41 0.52 0.26 0.29 0
KEGG_CITRATE_CYCLE_TCA_CYCLE 0.08 0.17 0.41 0.51 0.17 0.33 0.8 0.6 0.15 0.53 1 0.27 0.61 0.57 0.52 0.33 0.22 0.18 0.44 0.74 0.35 0.2 0.41 0.71 0.65 0.27 0.6 0.96 0.36 0.64 0.53 0.74 0.29 0.65 0.6 0.75 0.46 0.53 0
KEGG_PENTOSE_PHOSPHATE_PATHWAY 0.03 0.11 0.52 0.63 0.17 0.37 0.82 0.64 0.29 0.53 1 0.43 0.69 0.37 0.43 0.18 0.21 0.14 0.54 0.57 0.33 0.19 0.51 0.77 0.61 0.29 0.37 0.95 0.46 0.51 0.64 0.51 0.26 0.38 0.45 0.71 0.3 0.3 0
KEGG_PENTOSE_AND_GLUCURONATE_INTERCONVERSIONS 0 0.44 0.48 0.22 0 0.41 0.73 0.68 0 0.51 1 0.52 0.8 0.36 0.37 0.04 0.07 0.3 0.93 0.45 0.13 0.09 0.39 0.65 0.57 0.44 0.36 0.71 0.57 0.68 0.59 0.49 0.13 0.31 0.32 0.37 0.21 0.21 0.05
KEGG_FRUCTOSE_AND_MANNOSE_METABOLISM 0 0.07 0.58 0.42 0.12 0.33 0.8 0.71 0.23 0.57 0.9 0.21 0.74 0.28 0.51 0.27 0.18 0.17 0.58 0.58 0.4 0.14 0.55 0.75 0.62 0.25 0.42 1 0.64 0.67 0.52 0.56 0.16 0.32 0.51 0.48 0.34 0.42 0.07
KEGG_GALACTOSE_METABOLISM 0 0.03 0.42 0.29 0.17 0.32 0.67 0.74 0.14 0.47 0.86 0.48 0.64 0.38 0.49 0.18 0.19 0.14 0.53 0.48 0.29 0.19 0.48 0.61 0.46 0.41 0.36 1 0.53 0.61 0.46 0.41 0.22 0.32 0.49 0.5 0.26 0.32 0.09
KEGG_ASCORBATE_AND_ALDARATE_METABOLISM 0.21 0.45 0.51 0 0.24 0.33 0.84 0.72 0.3 0.5 1 0.39 1 0.45 0.58 0.35 0.2 0.22 0.56 0.46 0.12 0.19 0.48 0.72 0.62 0.33 0.34 0.84 0.58 0.63 0.78 0.42 0.09 0.17 0.36 0.38 0 0.04 0.19
KEGG_FATTY_ACID_METABOLISM 0.04 0.37 0.36 0.3 0.14 0.39 0.59 0.73 0.39 0.35 0.59 0.4 1 0.35 0.31 0.24 0.12 0.21 0.18 0.37 0.2 0.14 0.37 0.48 0.44 0.44 0.32 0.59 0.41 0.88 0.51 0.42 0.22 0.33 0.27 0.27 0.27 0.26 0
KEGG_STEROID_BIOSYNTHESIS 0.31 0.21 0.64 0.48 0.29 0.19 0.77 0.75 0 0.65 0.8 0.06 0.77 0.95 0.92 0.36 0.37 0.27 0.63 0.69 0.46 0.37 0.61 0.85 0.76 0 0.57 0.81 0.07 0.89 0.82 1 0.45 1 1 0.62 0.47 0.49 0.28
KEGG_PRIMARY_BILE_ACID_BIOSYNTHESIS 0.33 0.42 0.49 0 0.29 0.54 1 0.73 0.54 0.56 0.81 0.56 0.82 0.54 0.46 0.36 0.32 0.42 0.46 0.44 0.12 0.34 0.4 0.67 0.62 0.57 0.55 0.75 0.64 0.51 0.59 0.41 0.3 0.49 0.33 0.47 0.33 0.14 0.3
KEGG_STEROID_HORMONE_BIOSYNTHESIS 0.25 0.49 0.51 0.13 0.25 0.09 0.75 0.61 0.37 0.52 1 0.5 0.74 0.38 0.5 0.29 0.24 0.26 0.56 0.5 0 0.25 0.49 0.65 0.55 0.38 0.37 0.64 0.55 0.69 0.64 0.48 0.15 0.34 0.43 0.43 0.24 0.13 0.25
KEGG_OXIDATIVE_PHOSPHORYLATION 0 0.05 0.67 0.44 0.16 0.35 0.67 0.5 0.1 0.49 0.94 0.16 0.5 0.57 0.66 0.25 0.26 0.11 0.39 0.9 0.29 0.26 0.38 0.66 0.53 0.26 0.76 0.79 0.38 0.55 0.5 1 0.28 0.64 0.85 0.95 0.37 0.39 0
KEGG_PURINE_METABOLISM 0.44 0.53 0.73 0 0.42 0.49 0.85 0.8 0.55 0.66 1 0.57 1 0.6 0.69 0.52 0.42 0.41 0.74 0.73 0.29 0.44 0.7 0.81 0.65 0.56 0.65 0.82 0.6 0.91 0.7 0.73 0.45 0.6 0.68 0.7 0.52 0.31 0.43
KEGG_PYRIMIDINE_METABOLISM 0.09 0.53 0.63 0.39 0.2 0.42 0.76 0.74 0.44 0.52 0.74 0.54 1 0.47 0.57 0.56 0.16 0.36 0.66 0.65 0.26 0.18 0.63 0.73 0.49 0.49 0.52 0.73 0.6 1 0.52 0.66 0.28 0.46 0.57 0.64 0.34 0.33 0
KEGG_ALANINE_ASPARTATE_AND_GLUTAMATE_METABOLISM 0.07 0.36 0.46 0.26 0.23 0.48 1 0.76 0.32 0.54 0.87 0.37 0.73 0.48 0.53 0.37 0.2 0.31 0.4 0.6 0.23 0.22 0.42 0.74 0.78 0.36 0.54 0.85 0.41 0.66 0.37 0.64 0.25 0.53 0.54 0.6 0.46 0.47 0
KEGG_GLYCINE_SERINE_AND_THREONINE_METABOLISM 0.31 0.2 0.55 0 0.34 0.44 0.74 0.7 0.4 0.54 0.74 0.51 0.99 0.48 0.61 0.38 0.32 0.21 0.66 0.9 0.13 0.34 0.61 0.68 0.65 0.41 0.51 0.7 0.54 1 0.7 0.6 0.45 0.47 0.6 0.57 0.5 0.48 0.29
KEGG_CYSTEINE_AND_METHIONINE_METABOLISM 0 0 0.57 0.26 0.12 0.33 1 0.74 0.37 0.47 0.88 0.47 0.67 0.46 0.47 0.13 0.08 0.03 0.59 0.57 0.22 0.1 0.57 0.75 0.43 0.37 0.36 0.86 0.54 0.56 0.74 0.57 0.17 0.41 0.5 0.49 0.25 0.27 0
KEGG_VALINE_LEUCINE_AND_ISOLEUCINE_DEGRADATION 0.11 0.29 0.35 0.26 0.17 0.32 0.6 0.45 0.27 0.41 0.6 0.27 1 0.39 0.45 0.29 0.09 0.25 0.48 0.46 0.17 0.16 0.33 0.49 0.35 0.27 0.41 0.6 0.33 0.87 0.48 0.71 0.39 0.41 0.44 0.47 0.39 0.31 0
KEGG_VALINE_LEUCINE_AND_ISOLEUCINE_BIOSYNTHESIS 0.13 0.37 0.45 0.4 0.22 0.38 0.65 0.47 0 0.47 0.65 0.4 1 0.52 0.53 0.29 0.23 0.35 0.47 0.61 0.23 0.25 0.43 0.48 0.56 0.36 0.5 0.65 0.49 0.86 0.47 0.58 0.35 0.5 0.56 0.55 0.4 0.53 0.14
KEGG_LYSINE_DEGRADATION 0.05 0.41 0.39 0.23 0.07 0.29 1 0.59 0.5 0.33 0.57 0.49 0.69 0.34 0.33 0.36 0.08 0.2 0.4 0.44 0.2 0.09 0.39 0.55 0.49 0.5 0.3 0.54 0.5 0.69 0.48 0.44 0.21 0.33 0.38 0.34 0.28 0.25 0
KEGG_ARGININE_AND_PROLINE_METABOLISM 0.08 0.29 0.48 0.23 0.25 0.43 0.72 0.64 0.29 0.47 0.72 0.35 1 0.45 0.44 0.35 0.2 0.28 0.57 0.52 0.22 0.21 0.4 0.7 0.58 0.31 0.46 0.72 0.38 1 0.67 0.56 0.31 0.46 0.46 0.48 0.39 0.41 0
KEGG_HISTIDINE_METABOLISM 0.36 0.4 0.47 0 0.33 0.29 1 0.62 0.68 0.51 0.85 0.57 0.59 0.11 0.52 0.44 0.31 0.27 0.46 0.51 0.24 0.34 0.41 0.69 0.64 0.7 0.22 0.8 0.58 0.55 0.69 0.53 0.34 0.12 0.46 0.47 0.38 0.14 0.34
KEGG_TYROSINE_METABOLISM 0.24 0.41 0.53 0 0.23 0.15 1 0.62 0.4 0.47 0.83 0.46 0.79 0.4 0.48 0.25 0.21 0.21 0.55 0.62 0.05 0.23 0.49 0.58 0.56 0.42 0.36 0.62 0.52 0.71 0.47 0.59 0.24 0.36 0.38 0.55 0.28 0.08 0.22
KEGG_PHENYLALANINE_METABOLISM 0.03 0.01 0.46 0.19 0.09 0.26 1 0.55 0.37 0.39 0.79 0.43 0.63 0.3 0.42 0.13 0.15 0.1 0.49 0.51 0.2 0.06 0.47 0.57 0.49 0.41 0.29 0.74 0.58 0.63 0.43 0.53 0.18 0.28 0.31 0.47 0.28 0.26 0
KEGG_TRYPTOPHAN_METABOLISM 0.16 0.45 0.43 0 0.15 0.13 1 0.73 0.52 0.39 0.98 0.53 0.67 0.33 0.38 0.24 0.15 0.21 0.46 0.42 0 0.14 0.41 0.56 0.53 0.49 0.31 0.94 0.58 0.66 0.48 0.41 0.21 0.3 0.33 0.36 0.25 0 0.16
KEGG_BETA_ALANINE_METABOLISM 0.25 0.31 0.4 0 0.18 0.38 1 0.62 0.27 0.43 0.79 0.42 0.5 0.32 0.47 0.32 0.2 0.21 0.31 0.48 0.01 0.21 0.35 0.65 0.38 0.26 0.47 0.79 0.5 0.5 0.3 0.38 0.21 0.35 0.45 0.42 0.22 0.12 0.22
KEGG_TAURINE_AND_HYPOTAURINE_METABOLISM 0.27 0.36 0.69 0.5 0.3 0.7 1 0.45 0 0.32 0.48 0.43 0.43 0.21 0.63 0.31 0.3 0.29 0.21 0.68 0.25 0.33 0.26 0.15 0.72 0 0.55 0.16 0.6 0.45 0.16 0.81 0.22 0.64 0.63 0.53 0.21 0.21 0.37
KEGG_SELENOAMINO_ACID_METABOLISM 0.07 0.21 0.36 0.29 0.12 0.33 0.6 0.45 0.38 0.35 0.5 0.32 0.33 0.97 0.59 0.19 0.13 0.24 0.57 0.66 0.22 0.1 0.31 0.43 0.52 0.45 0.48 0.5 0.31 0.67 0.44 0.73 0.28 1 0.67 0.55 0.33 0.43 0
KEGG_GLUTATHIONE_METABOLISM 0.41 0.44 0.55 0 0.38 0.51 1 0.69 0.49 0.62 0.75 0.5 0.67 0.56 0.59 0.46 0.36 0.4 0.62 0.78 0.18 0.44 0.62 0.72 0.56 0.5 0.59 0.71 0.49 0.6 0.67 0.54 0.39 0.54 0.57 0.66 0.37 0.31 0.37
KEGG_STARCH_AND_SUCROSE_METABOLISM 0.23 0.51 0.61 0.36 0.22 0.35 1 0.78 0.46 0.53 0.87 0.59 1 0.46 0.55 0.27 0.23 0.26 0.61 0.58 0 0.26 0.6 0.73 0.74 0.5 0.43 0.84 0.64 0.66 0.8 0.58 0.14 0.39 0.46 0.5 0.36 0.35 0.23
KEGG_AMINO_SUGAR_AND_NUCLEOTIDE_SUGAR_METABOLISM 0 0.16 0.52 0.4 0.13 0.34 0.69 0.81 0.3 0.54 0.84 0.55 0.68 0.47 0.42 0.25 0.16 0.19 0.58 0.58 0.32 0.17 0.49 0.65 0.4 0.34 0.45 1 0.62 0.62 0.45 0.54 0.2 0.48 0.48 0.52 0.42 0.38 0.06
KEGG_GLYCOSAMINOGLYCAN_BIOSYNTHESIS_CHONDROITIN_SULFATE 0 0.3 0.34 1 0.12 0.36 0.18 0.61 0.17 0.37 0.59 0.18 0.27 0.27 0.29 0.07 0 0.3 0.36 0.36 0.69 0.3 0.39 0.55 0.46 0.18 0.46 0.6 0.14 0.24 0.47 0.28 0.44 0.34 0.45 0.46 0.44 0.67 0
KEGG_GLYCOSAMINOGLYCAN_BIOSYNTHESIS_HEPARAN_SULFATE 0.32 0.54 0.45 0.16 0.29 0.38 0.79 0.56 0.6 0.57 0.68 0.68 1 0.4 0.49 0.41 0.17 0.3 0.49 0.48 0 0.33 0.44 0.79 0.75 0.66 0.57 0.72 0.74 0.91 0.6 0.55 0.22 0.39 0.53 0.48 0.21 0.2 0.3
KEGG_INOSITOL_PHOSPHATE_METABOLISM 0.07 0.17 0.32 0.47 0.2 0.39 1 0.69 0.4 0.67 0.83 0.38 0.67 0.57 0.68 0.29 0.17 0.17 0.26 0.59 0.47 0.23 0.27 0.52 0.49 0.39 0.52 0.8 0.39 0.64 0.47 0.56 0.21 0.56 0.56 0.55 0.43 0.47 0
KEGG_PYRUVATE_METABOLISM 0.08 0.24 0.46 0.24 0.13 0.34 1 0.64 0.24 0.46 0.8 0.29 0.53 0.42 0.47 0.28 0.16 0.2 0.41 0.51 0.2 0.17 0.36 0.64 0.64 0.29 0.49 0.8 0.37 0.53 0.64 0.53 0.33 0.44 0.47 0.49 0.38 0.39 0
KEGG_GLYOXYLATE_AND_DICARBOXYLATE_METABOLISM 0.07 0.21 0.39 0.36 0.18 0.35 1 0.69 0.3 0.62 0.85 0.31 0.83 0.41 0.49 0.28 0.18 0.29 0.5 0.53 0.3 0.24 0.42 0.69 0.78 0.36 0.54 0.75 0.41 0.76 0.62 0.52 0.35 0.45 0.51 0.54 0.45 0.52 0
KEGG_PROPANOATE_METABOLISM 0.12 0.24 0.47 0.3 0.11 0.41 0.85 0.66 0.22 0.46 1 0.22 0.54 0.39 0.44 0.35 0.12 0.21 0.38 0.46 0.13 0.12 0.38 0.69 0.29 0.23 0.47 1 0.52 0.54 0.29 0.55 0.36 0.34 0.44 0.45 0.41 0.35 0
KEGG_BUTANOATE_METABOLISM 0.22 0.28 0.4 0.09 0.16 0.34 1 0.67 0.26 0.45 0.87 0.58 0.58 0.4 0.46 0.33 0.23 0.24 0.33 0.51 0 0.18 0.35 0.49 0.52 0.28 0.46 0.85 0.53 0.58 0.36 0.51 0.28 0.4 0.45 0.45 0.34 0 0.19
KEGG_ONE_CARBON_POOL_BY_FOLATE 0.55 0.74 0.76 0 0.55 0.11 0.49 0.44 0.6 0.37 0.45 0.71 0.89 0.77 0.66 0.6 0.54 0.66 0.67 0.79 0.24 0.56 0.26 0.63 0.63 0.6 0.35 0.45 0.72 1 0.41 0.7 0.77 0.77 0.66 0.7 0.7 0.31 0.54
KEGG_FOLATE_BIOSYNTHESIS 0.35 0.45 0.46 0.28 0.35 0.37 1 0.53 0.63 0.54 0.84 0.63 1 0.59 0.55 0.67 0.33 0.4 0.46 0.8 0 0.32 0.46 0.63 0.82 0.67 0.51 0.77 0.62 1 0.61 0.76 0.37 0.6 0.73 0.82 0.65 0.43 0.37
KEGG_RETINOL_METABOLISM 0.36 0.54 0.56 0.23 0.33 0 0.78 0.62 0.46 0.54 0.77 0.55 1 0.48 0.54 0.38 0.35 0.38 0.64 0.6 0.25 0.35 0.56 0.63 0.55 0.48 0.44 0.68 0.56 0.7 0.72 0.65 0.25 0.42 0.51 0.5 0.3 0.28 0.3
KEGG_PORPHYRIN_AND_CHLOROPHYLL_METABOLISM 0 0.49 0.5 0.36 0.19 0.37 0.76 0.68 0.37 0.58 1 0.41 0.75 0.52 0.55 0.22 0.19 0.26 0.53 0.53 0.3 0.21 0.51 0.71 0.44 0.41 0.57 0.75 0.62 0.62 0.54 0.5 0.28 0.38 0.53 0.59 0.26 0.36 0.04
KEGG_TERPENOID_BACKBONE_BIOSYNTHESIS 0.13 0.25 0.38 0.5 0.26 0.33 0.69 0.62 0.32 0.68 0.87 0.56 0.65 0.78 0.85 0.44 0.36 0.28 0.43 0.87 0.43 0.27 0.43 0.69 0.62 0.42 0.8 0.93 0.44 0.72 0.72 1 0.43 0.8 0.97 0.85 0.5 0.56 0
KEGG_LIMONENE_AND_PINENE_DEGRADATION 0.45 0.4 0.76 0.39 0.57 0.72 0.07 0.73 0.67 0.79 0.08 0.68 1 0.64 0.61 0.61 0.56 0.56 0.44 0.65 0.55 0.57 0.6 0.72 0.72 0.66 0.75 0 0.82 0.88 0.31 0.62 0.57 0.58 0.58 0.52 0.61 0.57 0.53
KEGG_NITROGEN_METABOLISM 0.37 0.42 0.61 0.07 0.35 0.27 1 0.77 0.42 0.61 0.95 0.51 0.69 0.48 0.59 0.49 0.33 0.39 0.48 0.67 0 0.36 0.51 0.64 0.77 0.51 0.15 0.78 0.56 0.69 0.7 0.76 0.22 0.2 0.58 0.58 0.25 0.18 0.37
KEGG_SULFUR_METABOLISM 0.4 0.67 0.61 0 0.29 0.46 0.84 0.84 0.54 0.7 0.83 0.51 0.77 0.47 0.89 0.37 0.37 0.3 0.61 0.61 0.17 0.38 0.67 0.83 0.57 0.45 0.56 1 0.43 0.66 0.71 0.59 0.41 0.47 0.59 0.5 0.42 0 0.37
KEGG_METABOLISM_OF_XENOBIOTICS_BY_CYTOCHROME_P450 0.16 0.35 0.44 0 0.13 0 0.8 0.6 0.26 0.36 1 0.37 0.69 0.3 0.43 0.19 0.14 0.19 0.48 0.46 0 0.16 0.48 0.58 0.4 0.31 0.29 0.62 0.43 0.56 0.57 0.45 0.1 0.26 0.4 0.4 0.12 0 0.14
KEGG_DRUG_METABOLISM_CYTOCHROME_P450 0.18 0.4 0.47 0 0.15 0.21 1 0.62 0.28 0.44 0.85 0.42 0.73 0.34 0.4 0.2 0.15 0.21 0.52 0.5 0 0.19 0.5 0.61 0.42 0.31 0.32 0.66 0.46 0.6 0.62 0.5 0.07 0.29 0.37 0.46 0.07 0 0.15
KEGG_DRUG_METABOLISM_OTHER_ENZYMES 0.29 0.51 0.57 0 0.29 0.15 0.7 0.64 0.37 0.54 1 0.51 0.77 0.43 0.54 0.32 0.3 0.39 0.57 0.57 0 0.3 0.48 0.65 0.63 0.51 0.43 0.66 0.53 0.76 0.59 0.57 0.25 0.41 0.48 0.46 0.32 0.17 0.28
KEGG_BIOSYNTHESIS_OF_UNSATURATED_FATTY_ACIDS 0 0.48 0.42 0.24 0.06 0.32 0.73 0.82 0.61 0.36 0.95 0.59 0.8 0.64 0.44 0.01 0.01 0.22 0.48 0.47 0.17 0 0.44 0.82 0.76 0.62 0.4 1 0.6 0.67 0.85 0.59 0.31 0.64 0.5 0.42 0.41 0.35 0.08
KEGG_ABC_TRANSPORTERS 0.04 0.49 0.52 0.41 0.19 0.32 0.92 0.66 0.34 0.6 0.84 0.54 1 0.44 0.54 0.29 0.22 0.27 0.54 0.52 0.33 0.22 0.48 0.66 0.6 0.33 0.43 0.74 0.51 0.82 0.6 0.57 0.21 0.41 0.45 0.46 0.31 0.33 0
KEGG_RIBOSOME 0.15 0.29 0.41 0.71 0.37 0.65 0.64 0.75 0.58 0.7 0.72 0.34 0.69 0.36 0.56 0.4 0.24 0.48 0.49 0.52 0.46 0.38 0.44 0.68 1 0.56 0.58 0.83 0.47 0.64 0.61 0.47 0.3 0.55 0.49 0.49 0.57 0.76 0
KEGG_RNA_DEGRADATION 0.06 0.14 0.25 0.5 0.23 0.27 0.58 0.58 0.31 0.75 0.56 0.29 1 0.42 0.5 0.33 0.23 0.14 0.21 0.39 0.34 0.28 0.22 0.54 0.58 0.35 0.48 0.58 0.3 0.76 0.57 0.4 0.37 0.42 0.42 0.46 0.45 0.48 0
KEGG_RNA_POLYMERASE 0.16 0.31 0.5 0.38 0.21 0.38 0.64 0.51 0.34 0.42 0.58 0.31 0.78 0.8 0.52 0.42 0.21 0.33 0.55 0.55 0.22 0.19 0.52 0.66 1 0.28 0.49 0.46 0.66 0.82 0.46 0.56 0.33 0.82 0.54 0.55 0.42 0.33 0
KEGG_DNA_REPLICATION 0.47 0.65 0.71 0 0.51 0.27 1 0.76 0.23 0.61 0.81 0.32 0.8 0.59 0.7 0.66 0.47 0.54 0.73 0.71 0.3 0.46 0.72 0.72 0.84 0.79 0.63 0.81 0.8 0.73 0.9 0.69 0.51 0.61 0.7 0.65 0.59 0.52 0.43
KEGG_SPLICEOSOME 0 0.14 0.18 0.64 0.05 0.42 0.32 0.41 0.4 0.43 0.2 0.14 1 0.34 0.26 0.13 0.01 0.14 0.16 0.19 0.58 0.06 0.14 0.32 0.39 0.27 0.33 0.27 0.22 0.34 0.36 0.21 0.26 0.34 0.23 0.25 0.27 0.54 0
KEGG_PROTEASOME 0.13 0.19 0.69 0.35 0.15 0.35 0.7 0.63 0.18 0.56 0.86 0.55 0.61 0.77 0.49 0.53 0.53 0.27 0.7 0.83 0.36 0.53 0.63 0.7 0.45 0.53 0.82 0.83 0.63 0.69 0.6 1 0.53 0.86 0.93 1 0.82 0.78 0
KEGG_PROTEIN_EXPORT 0.03 0.34 0.43 0.24 0.09 0.26 0.58 0.65 0.23 0.93 0.51 0.34 1 0.8 0.28 0.18 0.06 0.27 0.4 0.51 0.21 0.11 0.29 0.49 0.6 0.35 0.39 0.38 0.35 0.86 0.37 0.54 0.17 0.77 0.39 0.48 0.34 0.28 0
KEGG_PPAR_SIGNALING_PATHWAY 0.34 0.55 0.61 0 0.34 0.46 1 0.68 0.51 0.6 0.83 0.6 0.71 0.47 0.59 0.38 0.34 0.38 0.64 0.56 0.18 0.34 0.57 0.65 0.62 0.51 0.53 0.79 0.6 0.69 0.61 0.52 0.35 0.46 0.47 0.53 0.41 0.15 0.34
KEGG_BASE_EXCISION_REPAIR 0.09 0.21 0.64 0.38 0.25 0.47 0.77 0.57 0.4 0.52 0.74 0.83 1 0.5 0.59 0.25 0.15 0.24 0.74 0.69 0.36 0.19 0.6 0.65 0.8 0.39 0.53 0.63 0.64 0.87 0.58 0.72 0.35 0.47 0.69 0.6 0.44 0.38 0
KEGG_NUCLEOTIDE_EXCISION_REPAIR 0.46 0.59 0.73 0.25 0.47 0 0.81 0.64 0.43 0.66 0.81 0.51 0.64 0.68 0.69 0.57 0.48 0.54 0.64 0.7 0.3 0.48 0.62 0.72 0.56 0.51 0.67 0.72 0.58 0.68 0.77 1 0.47 0.62 0.68 0.75 0.61 0.4 0.4
KEGG_MISMATCH_REPAIR 0.44 0.55 0.75 0 0.47 0.22 0.74 0.69 0.2 0.62 0.71 0.25 0.67 0.59 0.79 0.55 0.47 0.53 0.79 0.76 0.26 0.47 0.6 0.72 0.67 0.68 0.81 0.71 0.67 0.81 0.67 0.88 0.43 0.59 0.83 1 0.52 0.59 0.43
KEGG_HOMOLOGOUS_RECOMBINATION 0.41 0.65 0.64 0 0.42 0.28 1 0.77 0.43 0.68 0.8 0.51 0.82 0.56 0.63 0.46 0.38 0.34 0.71 0.64 0.2 0.41 0.63 0.75 0.71 0.51 0.57 0.8 0.72 0.77 0.76 0.59 0.3 0.53 0.56 0.62 0.43 0.29 0.35
KEGG_MAPK_SIGNALING_PATHWAY 0.23 0.26 0.58 0.45 0.31 0.45 0.74 0.6 0.58 0.55 0.71 0.62 1 0.5 0.55 0.32 0.25 0.3 0.63 0.61 0.41 0.32 0.58 0.66 0.57 0.57 0.48 0.67 0.61 0.82 0.58 0.65 0.34 0.48 0.49 0.51 0.4 0.45 0
KEGG_ERBB_SIGNALING_PATHWAY 0.23 0.27 0.62 0.48 0.33 0.47 1 0.79 0.63 0.6 1 0.67 0.79 0.56 0.6 0.34 0.28 0.3 0.65 0.64 0.48 0.34 0.62 0.78 0.71 0.63 0.52 0.9 0.69 0.75 0.71 0.67 0.36 0.53 0.54 0.59 0.53 0.49 0
KEGG_CALCIUM_SIGNALING_PATHWAY 0.19 0.58 0.59 0.41 0.22 0.41 1 0.73 0.52 0.57 0.87 0.62 0.73 0.51 0.62 0.32 0.21 0.3 0.63 0.63 0.38 0.24 0.59 0.72 0.66 0.54 0.47 0.82 0.63 0.7 0.61 0.64 0.29 0.46 0.5 0.53 0.38 0.39 0
KEGG_CYTOKINE_CYTOKINE_RECEPTOR_INTERACTION 0.4 0.54 0.6 0.14 0.34 0.26 1 0.68 0.44 0.59 0.77 0.57 0.83 0.48 0.58 0.41 0.38 0.38 0.66 0.58 0 0.38 0.55 0.72 0.66 0.48 0.48 0.71 0.61 0.82 0.63 0.55 0.32 0.4 0.5 0.52 0.32 0.23 0.36
KEGG_CHEMOKINE_SIGNALING_PATHWAY 0.39 0.49 0.59 0.06 0.38 0.47 1 0.72 0.48 0.63 0.8 0.53 0.83 0.54 0.65 0.44 0.37 0.38 0.63 0.61 0 0.4 0.55 0.77 0.69 0.49 0.58 0.74 0.57 0.84 0.65 0.61 0.35 0.54 0.59 0.59 0.43 0.21 0.36
KEGG_PHOSPHATIDYLINOSITOL_SIGNALING_SYSTEM 0.19 0.25 0.35 0.49 0.24 0.38 1 0.69 0.42 0.66 0.84 0.39 0.68 0.56 0.67 0.32 0.2 0.25 0.31 0.58 0.49 0.24 0.32 0.61 0.6 0.42 0.52 0.78 0.41 0.68 0.49 0.59 0.24 0.54 0.53 0.55 0.43 0.49 0
KEGG_NEUROACTIVE_LIGAND_RECEPTOR_INTERACTION 0.41 0.58 0.61 0 0.38 0.25 1 0.69 0.51 0.6 0.85 0.64 0.86 0.51 0.6 0.46 0.4 0.36 0.69 0.61 0.24 0.4 0.59 0.73 0.66 0.53 0.49 0.71 0.64 0.79 0.64 0.59 0.32 0.45 0.52 0.54 0.35 0.25 0.39
KEGG_CELL_CYCLE 0.18 0.23 0.53 0.42 0.28 0.42 0.74 0.66 0.58 0.59 0.73 0.59 1 0.5 0.54 0.31 0.22 0.27 0.56 0.53 0.42 0.3 0.54 0.66 0.62 0.58 0.47 0.66 0.61 0.79 0.62 0.52 0.29 0.46 0.48 0.5 0.41 0.42 0
KEGG_OOCYTE_MEIOSIS 0.22 0.26 0.55 0.42 0.29 0.45 1 0.67 0.39 0.51 0.8 0.54 0.65 0.5 0.58 0.3 0.25 0.3 0.58 0.59 0.4 0.3 0.55 0.67 0.65 0.42 0.47 0.78 0.55 0.62 0.55 0.58 0.34 0.47 0.51 0.51 0.43 0.43 0
KEGG_P53_SIGNALING_PATHWAY 0.37 0.46 0.69 0.57 0.41 0.61 0.91 0.84 0.7 0.63 0.86 0.71 1 0.56 0.63 0.45 0.37 0.46 0.71 0.66 0 0.42 0.68 0.77 0.76 0.69 0.59 0.85 0.71 0.76 0.82 0.7 0.37 0.57 0.59 0.61 0.5 0.57 0.37
KEGG_UBIQUITIN_MEDIATED_PROTEOLYSIS 0.25 0.5 0.56 0.42 0.28 0.44 0.76 0.65 0.48 0.59 1 0.53 0.66 0.59 0.62 0.48 0.31 0.31 0.56 0.75 0.39 0.27 0.5 0.63 0.61 0.48 0.54 0.82 0.54 0.69 0.55 0.75 0.39 0.59 0.6 0.65 0.42 0.42 0
KEGG_REGULATION_OF_AUTOPHAGY 0.3 0.51 0.53 0 0.27 0.2 1 0.64 0.37 0.54 0.77 0.61 0.76 0.42 0.53 0.33 0.28 0.27 0.59 0.55 0.14 0.3 0.53 0.66 0.66 0.44 0.42 0.68 0.61 0.75 0.52 0.53 0.18 0.37 0.46 0.47 0.19 0.1 0.27
KEGG_ENDOCYTOSIS 0.19 0.27 0.48 0.42 0.26 0.45 0.69 0.63 0.4 0.53 0.63 0.43 1 0.56 0.55 0.35 0.22 0.28 0.48 0.54 0.35 0.25 0.47 0.63 0.59 0.41 0.53 0.63 0.46 0.79 0.49 0.56 0.29 0.56 0.54 0.56 0.41 0.42 0
KEGG_PEROXISOME 0.35 0.42 0.49 0 0.34 0.45 0.67 0.57 0.44 0.78 0.63 0.46 1 0.53 0.58 0.4 0.31 0.42 0.51 0.59 0.19 0.35 0.46 0.57 0.55 0.44 0.56 0.59 0.48 0.85 0.59 0.65 0.29 0.53 0.59 0.58 0.51 0.2 0.33
KEGG_MTOR_SIGNALING_PATHWAY 0 0.18 0.53 0.36 0.2 0.4 1 0.65 0.28 0.5 0.81 0.23 0.73 0.44 0.48 0.22 0.18 0.24 0.57 0.54 0.34 0.21 0.53 0.57 0.36 0.29 0.38 0.74 0.52 0.65 0.5 0.54 0.22 0.42 0.46 0.46 0.42 0.35 0
KEGG_APOPTOSIS 0.22 0.39 0.48 0.57 0.28 0.47 0.8 0.71 0.43 0.59 0.78 0.4 1 0.53 0.53 0.34 0.24 0.35 0.41 0.67 0.54 0.3 0.41 0.68 0.63 0.42 0.57 0.72 0.42 0.83 0.59 0.69 0.32 0.57 0.55 0.53 0.45 0.56 0
KEGG_VASCULAR_SMOOTH_MUSCLE_CONTRACTION 0.35 0.43 0.55 0.12 0.35 0.44 1 0.7 0.45 0.61 0.88 0.52 0.7 0.51 0.6 0.45 0.33 0.32 0.61 0.59 0 0.36 0.56 0.7 0.59 0.48 0.53 0.81 0.56 0.67 0.64 0.61 0.32 0.5 0.53 0.54 0.44 0.17 0.33
KEGG_WNT_SIGNALING_PATHWAY 0.13 0.5 0.52 0.39 0.24 0.44 0.7 0.61 0.49 0.5 0.69 0.53 1 0.46 0.52 0.27 0.19 0.28 0.54 0.59 0.36 0.26 0.52 0.62 0.57 0.5 0.43 0.63 0.54 0.78 0.56 0.61 0.29 0.44 0.44 0.46 0.37 0.37 0
KEGG_DORSO_VENTRAL_AXIS_FORMATION 0.09 0 0.53 0.38 0.28 0.45 1 0.73 0.54 0.57 0.83 0.61 0.76 0.52 0.56 0.46 0.18 0.22 0.6 0.6 0.34 0.47 0.51 0.64 0.73 0.55 0.43 0.76 0.64 0.62 0.63 0.59 0.29 0.48 0.51 0.53 0.4 0.36 0.11
KEGG_NOTCH_SIGNALING_PATHWAY 0.05 0.21 0.51 0.93 0.23 1 0.7 0.59 0.28 0.51 0.6 0.29 0.6 0.38 0.54 0.33 0.14 0.27 0.55 0.68 0.43 0.23 0.54 0.7 0.71 0.36 0.46 0.6 0.55 0.55 0.71 0.71 0.38 0.38 0.46 0.49 0.43 0.46 0
KEGG_HEDGEHOG_SIGNALING_PATHWAY 0.36 0.48 0.5 0 0.35 0.24 0.72 0.6 0.42 0.56 0.72 0.52 1 0.46 0.49 0.4 0.34 0.34 0.56 0.52 0.08 0.37 0.52 0.59 0.58 0.45 0.43 0.6 0.52 0.64 0.53 0.51 0.29 0.42 0.46 0.51 0.35 0.23 0.31
KEGG_TGF_BETA_SIGNALING_PATHWAY 0.43 0.49 0.62 0.16 0.39 0.29 1 0.7 0.49 0.62 0.84 0.55 0.76 0.51 0.59 0.44 0.43 0.43 0.65 0.62 0 0.43 0.66 0.7 0.66 0.53 0.56 0.78 0.6 0.75 0.65 0.61 0.38 0.49 0.53 0.58 0.35 0.27 0.43
KEGG_AXON_GUIDANCE 0.25 0.26 0.36 0.46 0.37 0.45 0.7 0.65 0.55 0.58 0.71 0.55 1 0.54 0.55 0.39 0.33 0.33 0.26 0.53 0.45 0.37 0.26 0.62 0.62 0.51 0.49 0.65 0.56 0.75 0.59 0.56 0.39 0.53 0.51 0.51 0.41 0.45 0
KEGG_VEGF_SIGNALING_PATHWAY 0.19 0.4 0.47 0.38 0.22 0.39 0.67 0.61 0.39 0.52 0.67 0.42 1 0.5 0.51 0.35 0.24 0.27 0.45 0.55 0.3 0.32 0.44 0.6 0.54 0.39 0.5 0.64 0.43 0.81 0.54 0.63 0.26 0.53 0.48 0.5 0.34 0.33 0
KEGG_FOCAL_ADHESION 0.4 0.44 0.62 0 0.4 0.54 1 0.76 0.52 0.67 0.93 0.57 0.77 0.54 0.61 0.44 0.4 0.41 0.65 0.62 0.2 0.4 0.62 0.71 0.65 0.54 0.59 0.81 0.67 0.71 0.69 0.59 0.41 0.54 0.54 0.61 0.47 0.22 0.4
KEGG_ECM_RECEPTOR_INTERACTION 0.34 0.39 0.55 0 0.33 0.19 0.74 0.75 0.44 0.57 0.74 0.62 1 0.46 0.56 0.39 0.33 0.34 0.58 0.55 0.07 0.36 0.54 0.65 0.6 0.44 0.49 0.73 0.64 0.66 0.62 0.5 0.3 0.46 0.46 0.5 0.28 0.1 0.33
KEGG_CELL_ADHESION_MOLECULES_CAMS 0.34 0.43 0.48 0 0.34 0.26 0.7 0.57 0.41 0.5 0.67 0.43 1 0.45 0.52 0.38 0.34 0.27 0.48 0.52 0.13 0.34 0.42 0.52 0.59 0.43 0.51 0.64 0.43 0.87 0.53 0.56 0.29 0.48 0.52 0.52 0.31 0.17 0.34
KEGG_ADHERENS_JUNCTION 0.13 0.23 0.38 0.42 0.21 0.39 0.66 0.63 0.28 0.53 0.66 0.29 0.63 0.48 0.42 0.25 0.14 0.27 0.32 0.49 0.42 0.22 0.29 0.63 1 0.32 0.49 0.66 0.32 0.52 0.64 0.49 0.32 0.47 0.46 0.5 0.48 0.42 0
KEGG_TIGHT_JUNCTION 0.36 0.44 0.54 0 0.36 0.48 0.69 0.66 0.47 0.57 0.68 0.57 1 0.49 0.55 0.37 0.35 0.38 0.56 0.56 0.16 0.36 0.52 0.69 0.64 0.5 0.52 0.66 0.6 0.81 0.64 0.59 0.31 0.5 0.5 0.55 0.44 0.19 0.36
KEGG_GAP_JUNCTION 0.22 0.23 0.51 0.43 0.24 0.45 1 0.71 0.6 0.55 0.89 0.6 0.68 0.52 0.53 0.39 0.25 0.27 0.55 0.55 0.36 0.25 0.51 0.71 0.69 0.59 0.49 0.85 0.6 0.65 0.6 0.59 0.35 0.48 0.46 0.52 0.46 0.43 0
KEGG_COMPLEMENT_AND_COAGULATION_CASCADES 0.42 0.57 0.61 0 0.42 0.27 0.83 0.69 0.48 0.62 0.74 0.59 1 0.53 0.61 0.46 0.41 0.32 0.66 0.6 0.18 0.45 0.58 0.71 0.66 0.51 0.53 0.72 0.63 0.99 0.65 0.6 0.37 0.3 0.56 0.57 0.4 0.24 0.42
KEGG_ANTIGEN_PROCESSING_AND_PRESENTATION 0.36 0.48 0.48 0.11 0.34 0.2 0.74 0.58 0.37 0.49 0.59 0.43 1 0.3 0.54 0.38 0.35 0.18 0.51 0.5 0 0.35 0.43 0.69 0.58 0.41 0.2 0.58 0.43 0.89 0.5 0.52 0.28 0.23 0.53 0.49 0.31 0.18 0.35
KEGG_TOLL_LIKE_RECEPTOR_SIGNALING_PATHWAY 0.31 0.62 0.67 0.49 0.31 0.45 1 0.77 0.56 0.6 0.91 0.68 0.81 0.55 0.6 0.35 0.31 0.41 0.7 0.68 0 0.29 0.67 0.72 0.72 0.61 0.53 0.85 0.68 0.77 0.62 0.68 0.29 0.5 0.56 0.58 0.41 0.48 0.31
KEGG_NOD_LIKE_RECEPTOR_SIGNALING_PATHWAY 0.56 0.66 0.77 0 0.56 0.66 0.9 0.87 0.61 0.74 1 0.73 0.84 0.69 0.74 0.6 0.56 0.5 0.74 0.76 0.26 0.6 0.7 0.82 0.8 0.63 0.71 1 0.68 0.79 0.76 0.76 0.54 0.7 0.74 0.73 0.55 0.33 0.55
KEGG_RIG_I_LIKE_RECEPTOR_SIGNALING_PATHWAY 0.41 0.56 0.63 0 0.39 0.32 0.78 0.69 0.48 0.58 1 0.64 0.75 0.52 0.56 0.44 0.4 0.41 0.64 0.64 0.22 0.43 0.61 0.74 0.68 0.51 0.51 0.91 0.63 0.74 0.62 0.59 0.3 0.5 0.52 0.54 0.33 0.26 0.39
KEGG_CYTOSOLIC_DNA_SENSING_PATHWAY 0.47 0.69 0.7 0 0.46 0.39 0.99 0.79 0.49 0.71 0.85 0.76 1 0.6 0.66 0.55 0.46 0.55 0.8 0.72 0.25 0.47 0.68 0.93 0.8 0.6 0.63 0.8 0.72 0.99 0.7 0.68 0.4 0.59 0.63 0.65 0.4 0.27 0.46
KEGG_JAK_STAT_SIGNALING_PATHWAY 0.41 0.51 0.59 0 0.38 0.26 1 0.7 0.45 0.62 0.78 0.58 0.81 0.51 0.57 0.45 0.4 0.39 0.66 0.58 0.1 0.41 0.55 0.7 0.67 0.51 0.53 0.71 0.61 0.81 0.64 0.59 0.32 0.32 0.53 0.55 0.34 0.22 0.39
KEGG_HEMATOPOIETIC_CELL_LINEAGE 0.41 0.61 0.64 0.1 0.37 0.24 1 0.77 0.47 0.65 0.84 0.6 1 0.5 0.64 0.46 0.4 0.39 0.68 0.61 0 0.41 0.62 0.72 0.73 0.51 0.56 0.8 0.63 1 0.69 0.6 0.33 0.47 0.57 0.58 0.37 0.15 0.38
KEGG_NATURAL_KILLER_CELL_MEDIATED_CYTOTOXICITY 0.35 0.46 0.51 0 0.34 0.26 0.74 0.61 0.4 0.51 0.66 0.47 1 0.46 0.54 0.4 0.34 0.24 0.57 0.55 0.12 0.35 0.47 0.62 0.61 0.43 0.47 0.64 0.47 0.81 0.55 0.57 0.29 0.47 0.52 0.51 0.3 0.16 0.34
KEGG_T_CELL_RECEPTOR_SIGNALING_PATHWAY 0.22 0.57 0.59 0.43 0.27 0.43 0.73 0.66 0.54 0.56 0.73 0.59 1 0.49 0.55 0.29 0.25 0.33 0.62 0.63 0.4 0.29 0.59 0.69 0.57 0.52 0.47 0.72 0.6 0.81 0.58 0.63 0.34 0.47 0.49 0.52 0.39 0.41 0
KEGG_B_CELL_RECEPTOR_SIGNALING_PATHWAY 0.13 0.3 0.39 0.52 0.24 0.45 0.82 1 0.35 0.64 0.94 0.35 0.8 0.61 0.55 0.3 0.21 0.33 0.37 0.69 0.52 0.27 0.38 0.75 1 0.38 0.52 1 0.37 0.75 0.63 0.69 0.27 0.59 0.55 0.6 0.41 0.52 0
KEGG_FC_EPSILON_RI_SIGNALING_PATHWAY 0.36 0.43 0.52 0 0.35 0.41 0.73 0.64 0.44 0.54 0.71 0.47 1 0.48 0.56 0.42 0.35 0.27 0.54 0.57 0.14 0.36 0.49 0.62 0.61 0.46 0.53 0.7 0.52 0.91 0.58 0.61 0.3 0.5 0.55 0.54 0.33 0.15 0.34
KEGG_FC_GAMMA_R_MEDIATED_PHAGOCYTOSIS 0.16 0.27 0.39 0.68 0.23 0.39 0.46 0.73 0.38 0.57 1 0.36 0.47 0.49 0.61 0.3 0.21 0.27 0.35 0.46 0.68 0.24 0.36 0.46 0.74 0.36 0.64 0.85 0.4 0.46 0.54 0.49 0.24 0.52 0.61 0.53 0.33 0.69 0
KEGG_LEUKOCYTE_TRANSENDOTHELIAL_MIGRATION 0.44 0.51 0.58 0 0.43 0.52 0.8 0.69 0.49 0.64 1 0.51 0.71 0.57 0.6 0.47 0.43 0.37 0.59 0.61 0.19 0.43 0.52 0.72 0.65 0.49 0.6 0.89 0.51 0.71 0.7 0.63 0.37 0.59 0.59 0.64 0.38 0.24 0.43
KEGG_INTESTINAL_IMMUNE_NETWORK_FOR_IGA_PRODUCTION 0.41 0.56 0.52 0 0.36 0.3 0.8 0.64 0.45 0.56 0.72 0.48 1 0.46 0.57 0.42 0.39 0.26 0.56 0.58 0.18 0.36 0.48 0.8 0.64 0.45 0.58 0.7 0.5 0.98 0.59 0.58 0.33 0.44 0.57 0.55 0.35 0.24 0.38
KEGG_LONG_TERM_POTENTIATION 0.18 0.31 0.38 0.46 0.22 0.42 0.88 0.54 0.54 0.57 1 0.59 0.67 0.6 0.56 0.3 0.19 0.34 0.35 0.73 0.46 0.24 0.36 0.65 0.58 0.54 0.53 0.88 0.6 0.68 0.61 0.71 0.3 0.61 0.48 0.52 0.45 0.47 0
KEGG_NEUROTROPHIN_SIGNALING_PATHWAY 0.22 0.34 0.41 0.51 0.32 0.47 1 0.69 0.41 0.55 0.83 0.39 0.69 0.55 0.55 0.36 0.25 0.37 0.35 0.61 0.48 0.34 0.37 0.68 0.6 0.42 0.53 0.81 0.4 0.67 0.51 0.61 0.32 0.54 0.53 0.57 0.47 0.49 0
KEGG_LONG_TERM_DEPRESSION 0 0.11 0.43 0.3 0.13 0.26 0.64 0.45 0.37 0.43 0.62 0.42 1 0.36 0.45 0.18 0.12 0.18 0.5 0.46 0.27 0.13 0.46 0.5 0.41 0.37 0.31 0.58 0.42 0.78 0.56 0.56 0.18 0.36 0.39 0.39 0.29 0.29 0
KEGG_OLFACTORY_TRANSDUCTION 0.29 0.46 0.47 0.13 0.2 0.2 0.81 0.6 0.35 0.49 0.77 0.5 1 0.35 0.46 0.29 0.26 0.25 0.56 0.48 0 0.26 0.5 0.63 0.59 0.38 0.32 0.64 0.5 0.67 0.51 0.47 0.11 0.26 0.36 0.38 0.18 0.1 0.22
KEGG_REGULATION_OF_ACTIN_CYTOSKELETON 0.23 0.54 0.54 0.44 0.29 0.43 0.78 0.67 0.52 0.58 1 0.59 0.67 0.51 0.52 0.32 0.24 0.35 0.58 0.56 0.41 0.29 0.55 0.66 0.63 0.5 0.47 0.79 0.59 0.67 0.59 0.57 0.34 0.48 0.49 0.54 0.4 0.43 0
KEGG_INSULIN_SIGNALING_PATHWAY 0.09 0.19 0.57 0.39 0.21 0.42 1 0.68 0.53 0.54 0.8 0.58 0.74 0.49 0.52 0.23 0.16 0.24 0.6 0.6 0.36 0.22 0.57 0.65 0.54 0.54 0.45 0.74 0.6 0.69 0.57 0.61 0.29 0.43 0.46 0.51 0.41 0.39 0
KEGG_GNRH_SIGNALING_PATHWAY 0.37 0.41 0.52 0 0.34 0.42 0.72 0.66 0.44 0.54 0.71 0.49 1 0.49 0.58 0.45 0.34 0.34 0.56 0.6 0.18 0.37 0.52 0.66 0.6 0.46 0.53 0.71 0.53 0.86 0.61 0.59 0.34 0.51 0.55 0.53 0.44 0.21 0.35
KEGG_PROGESTERONE_MEDIATED_OOCYTE_MATURATION 0.18 0.23 0.51 0.36 0.31 0.39 1 0.66 0.44 0.59 0.82 0.5 0.69 0.46 0.53 0.31 0.26 0.25 0.57 0.54 0.36 0.33 0.54 0.64 0.57 0.46 0.45 0.81 0.53 0.66 0.56 0.55 0.29 0.44 0.49 0.49 0.42 0.39 0
KEGG_MELANOGENESIS 0.38 0.44 0.53 0 0.4 0.45 0.73 0.75 0.43 0.53 0.73 0.49 1 0.49 0.56 0.42 0.38 0.4 0.55 0.6 0.17 0.39 0.51 0.62 0.59 0.47 0.52 0.71 0.53 0.58 0.56 0.59 0.38 0.48 0.55 0.55 0.45 0.2 0.38
KEGG_ADIPOCYTOKINE_SIGNALING_PATHWAY 0.37 0.41 0.61 0 0.38 0.53 1 0.67 0.48 0.59 0.8 0.66 0.74 0.52 0.59 0.4 0.37 0.39 0.63 0.59 0.2 0.4 0.61 0.69 0.68 0.59 0.56 0.74 0.64 0.71 0.61 0.57 0.39 0.52 0.55 0.6 0.48 0.23 0.37
KEGG_TYPE_II_DIABETES_MELLITUS 0.35 0.43 0.55 0 0.35 0.4 1 0.66 0.45 0.58 0.83 0.49 0.8 0.51 0.57 0.4 0.35 0.3 0.53 0.57 0.11 0.35 0.55 0.65 0.63 0.49 0.56 0.7 0.54 0.78 0.62 0.62 0.26 0.48 0.53 0.57 0.24 0.1 0.35
KEGG_TYPE_I_DIABETES_MELLITUS 0.47 0.61 0.63 1 0.5 0.91 0.26 0.75 0.49 0.64 0.73 0.35 0 0.53 0.72 0.54 0.49 0.89 0.61 0.71 1 0.51 0.43 0.34 0.77 0.55 0.89 0.74 0.35 0.15 0.61 0.75 0.51 0.93 0.81 0.81 0.51 0.98 0.49
KEGG_MATURITY_ONSET_DIABETES_OF_THE_YOUNG 0.44 0.63 0.66 0 0.28 0.35 0.98 0.7 0.52 0.65 0.85 0.66 1 0.48 0.63 0.44 0.33 0.38 0.73 0.61 0.11 0.3 0.61 0.8 0.7 0.53 0.47 0.77 0.64 0.85 0.65 0.58 0.27 0.41 0.5 0.58 0.36 0.21 0.39
KEGG_ALDOSTERONE_REGULATED_SODIUM_REABSORPTION 0.15 0.4 0.44 0.27 0.19 0.29 1 0.56 0.35 0.47 0.82 0.43 0.65 0.38 0.44 0.26 0.14 0.23 0.45 0.49 0 0.18 0.43 0.51 0.55 0.34 0.35 0.81 0.44 0.65 0.5 0.54 0.19 0.35 0.35 0.39 0.24 0.26 0.15
KEGG_VASOPRESSIN_REGULATED_WATER_REABSORPTION 0.22 0.36 0.62 0.52 0.3 0.51 0.82 0.84 0.45 0.6 1 0.41 0.78 0.68 0.62 0.43 0.29 0.36 0.63 0.7 0.44 0.3 0.63 0.8 0.64 0.47 0.6 1 0.49 0.77 0.63 0.7 0.3 0.66 0.66 0.68 0.51 0.52 0
KEGG_ALZHEIMERS_DISEASE 0.15 0.21 0.63 0.49 0.23 0.42 0.63 0.52 0.27 0.5 1 0.3 0.52 0.58 0.61 0.33 0.29 0.24 0.43 0.77 0.4 0.28 0.41 0.6 0.52 0.34 0.69 0.99 0.39 0.55 0.51 0.78 0.33 0.62 0.74 0.79 0.4 0.45 0
KEGG_PARKINSONS_DISEASE 0 0.1 0.51 0.39 0.01 0.39 0.63 0.52 0.23 0.27 0.81 0.24 0.27 0.52 0.56 0.39 0.42 0.11 0.46 0.95 0.45 0.43 0.43 0.59 0.31 0.38 0.66 0.75 0.38 0.53 0.36 1 0.44 0.58 0.77 0.82 0.48 0.46 0
KEGG_AMYOTROPHIC_LATERAL_SCLEROSIS_ALS 0.17 0.31 0.38 0.48 0.2 0.46 0.72 0.57 0.28 0.49 0.68 0.28 1 0.51 0.54 0.33 0.21 0.32 0.34 0.59 0.46 0.21 0.37 0.65 0.55 0.28 0.5 0.61 0.33 0.82 0.58 0.61 0.29 0.53 0.52 0.51 0.39 0.47 0
KEGG_HUNTINGTONS_DISEASE 0 0.1 0.43 0.38 0.2 0.34 0.64 0.51 0.18 0.48 0.85 0.19 0.51 0.55 0.44 0.27 0.27 0.12 0.46 0.86 0.32 0.26 0.43 0.63 0.53 0.31 0.7 0.74 0.47 0.54 0.51 1 0.28 0.62 0.81 0.86 0.38 0.38 0
KEGG_PRION_DISEASES 0.11 0.53 0.58 0.36 0.22 0.35 0.75 0.59 0.55 0.49 0.66 0.6 1 0.43 0.49 0.61 0.09 0.2 0.65 0.66 0.36 0.23 0.59 0.58 0.58 0.55 0.43 0.65 0.62 0.86 0.53 0.67 0.22 0.39 0.45 0.48 0.44 0.39 0
KEGG_VIBRIO_CHOLERAE_INFECTION 0.04 0.28 0.47 0.55 0.17 0.42 0.79 0.67 0.35 0.54 0.69 0.4 1 0.48 0.54 0.31 0.15 0.29 0.41 0.7 0.25 0.19 0.42 0.71 0.61 0.4 0.53 0.64 0.42 0.87 0.57 0.72 0.24 0.49 0.52 0.63 0.4 0.52 0
KEGG_EPITHELIAL_CELL_SIGNALING_IN_HELICOBACTER_PYLORI_INFECTION 0.15 0.23 0.6 0.56 0.26 0.49 1 0.74 0.37 0.57 0.84 0.37 0.74 0.59 0.64 0.39 0.25 0.28 0.44 0.69 0.5 0.28 0.44 0.71 0.74 0.38 0.57 0.83 0.38 0.69 0.62 0.67 0.3 0.61 0.58 0.65 0.49 0.54 0
KEGG_LEISHMANIA_INFECTION 0.38 0.49 0.29 1 0.41 0.55 0.22 0.68 0.35 0.59 0.66 0.29 0 0.47 0.62 0.41 0.4 0.52 0.3 0.29 0.83 0.43 0.31 0.23 0.69 0.35 0.69 0.68 0.3 0.12 0.58 0.53 0.43 0.5 0.6 0.56 0.43 0.81 0.4
KEGG_PATHWAYS_IN_CANCER 0.41 0.46 0.64 0 0.41 0.54 1 0.71 0.51 0.63 0.84 0.57 0.8 0.54 0.6 0.47 0.41 0.43 0.67 0.65 0.2 0.43 0.61 0.71 0.68 0.53 0.58 0.77 0.62 0.76 0.64 0.65 0.41 0.54 0.58 0.6 0.5 0.23 0.41
KEGG_COLORECTAL_CANCER 0.03 0.37 0.42 0.3 0.23 0.35 0.69 0.58 0.4 0.45 0.68 0.38 1 0.46 0.48 0.36 0.1 0.2 0.4 0.53 0.3 0.23 0.39 0.55 0.48 0.37 0.48 0.61 0.42 0.8 0.5 0.58 0.22 0.49 0.48 0.48 0.37 0.32 0
KEGG_RENAL_CELL_CARCINOMA 0.17 0.24 0.59 0.45 0.33 0.47 1 0.74 0.52 0.6 0.86 0.64 0.74 0.55 0.56 0.36 0.3 0.28 0.64 0.63 0.45 0.34 0.58 0.71 0.62 0.52 0.5 0.77 0.64 0.67 0.58 0.64 0.37 0.54 0.53 0.53 0.49 0.47 0
KEGG_PANCREATIC_CANCER 0.43 0.47 0.55 0.17 0.43 0.54 1 0.71 0.5 0.63 0.84 0.5 0.75 0.6 0.64 0.47 0.42 0.37 0.5 0.6 0 0.47 0.51 0.64 0.65 0.5 0.62 0.81 0.53 0.69 0.61 0.65 0.38 0.63 0.6 0.61 0.35 0.28 0.41
KEGG_ENDOMETRIAL_CANCER 0.07 0.19 0.4 0.34 0.24 0.42 0.69 0.62 0.45 0.39 0.66 0.49 1 0.43 0.45 0.24 0.15 0.2 0.37 0.49 0.3 0.23 0.36 0.54 0.56 0.45 0.38 0.63 0.52 0.8 0.54 0.51 0.2 0.47 0.41 0.42 0.35 0.34 0
KEGG_GLIOMA 0.2 0.22 0.63 0.45 0.28 0.49 0.96 0.82 0.62 0.55 1 0.66 0.8 0.55 0.55 0.25 0.21 0.32 0.66 0.71 0.45 0.26 0.63 0.7 0.75 0.6 0.48 1 0.65 0.76 0.59 0.74 0.3 0.52 0.51 0.57 0.5 0.45 0
KEGG_PROSTATE_CANCER 0.21 0.26 0.62 0.51 0.34 0.51 0.8 0.89 0.38 0.56 1 0.37 0.77 0.65 0.59 0.35 0.25 0.3 0.63 0.64 0.47 0.35 0.57 0.78 0.75 0.45 0.53 1 0.46 0.7 0.56 0.65 0.35 0.65 0.58 0.56 0.52 0.51 0
KEGG_THYROID_CANCER 0.28 0.41 0.56 0.54 0.39 0.54 1 0.79 0.52 0.63 0.9 0.58 0.85 0.66 0.58 0.45 0.22 0.39 0.61 0.72 0.4 0.4 0.58 0.73 0.7 0.55 0.63 0.8 0.67 0.84 0.65 0.72 0.42 0.67 0.62 0.63 0.57 0.58 0
KEGG_BASAL_CELL_CARCINOMA 0.49 0.56 0.63 0.18 0.47 0.34 0.81 0.69 0.52 0.64 0.77 0.6 1 0.55 0.57 0.52 0.47 0.46 0.69 0.65 0 0.5 0.64 0.7 0.69 0.55 0.4 0.69 0.61 0.83 0.62 0.62 0.44 0.48 0.59 0.61 0.46 0.33 0.46
KEGG_MELANOMA 0.25 0.54 0.55 0.38 0.32 0.39 0.78 0.68 0.51 0.57 0.74 0.57 0.89 0.47 0.54 0.49 0.24 0.28 0.61 0.58 0.36 0.32 0.55 0.66 0.67 0.5 0.44 0.73 0.57 1 0.61 0.61 0.31 0.44 0.48 0.51 0.4 0.39 0
KEGG_BLADDER_CANCER 0.17 0.59 0.61 0.37 0.15 0.41 1 0.75 0.53 0.49 0.95 0.65 0.74 0.49 0.51 0.2 0.16 0.22 0.62 0.61 0.36 0.19 0.59 0.66 0.72 0.54 0.4 0.86 0.64 0.65 0.56 0.58 0 0.5 0.48 0.44 0.28 0.37 0.19
KEGG_CHRONIC_MYELOID_LEUKEMIA 0.16 0.26 0.31 0.45 0.26 0.46 1 0.69 0.6 0.53 0.83 0.64 0.77 0.51 0.5 0.25 0.16 0.29 0.26 0.65 0.42 0.27 0.3 0.64 0.58 0.59 0.47 0.68 0.63 0.78 0.53 0.64 0.3 0.5 0.47 0.54 0.41 0.44 0
KEGG_ACUTE_MYELOID_LEUKEMIA 0.05 0.21 0.4 0.56 0.26 0.44 1 0.89 0.36 0.53 1 0.36 0.85 0.68 0.58 0.32 0.17 0.26 0.36 0.77 0.56 0.27 0.41 0.85 0.72 0.37 0.55 1 0.39 0.81 0.5 0.74 0.21 0.68 0.61 0.62 0.42 0.53 0
KEGG_SMALL_CELL_LUNG_CANCER 0.07 0.16 0.57 0.43 0.19 0.42 0.75 0.63 0.28 0.51 0.74 0.2 1 0.41 0.52 0.18 0.15 0.2 0.62 0.57 0.42 0.21 0.57 0.66 0.59 0.29 0.46 0.72 0.66 0.8 0.52 0.62 0.27 0.42 0.48 0.5 0.33 0.42 0
KEGG_NON_SMALL_CELL_LUNG_CANCER 0.33 0.39 0.46 0.18 0.37 0.48 0.72 0.63 0.48 0.54 0.69 0.49 1 0.49 0.54 0.41 0.34 0.31 0.43 0.64 0 0.37 0.47 0.6 0.56 0.48 0.51 0.63 0.53 0.86 0.58 0.65 0.36 0.49 0.49 0.54 0.44 0.2 0.33
KEGG_ASTHMA 0.65 0.45 0.54 1 0.7 0.8 0.25 0.43 0.63 0.49 0.37 0.59 0 0.63 0.46 0.65 0.68 0.87 0.32 0.48 0.95 0.72 0.59 0.26 0.43 0.59 0.88 0.38 0.59 0.07 0.5 0.45 0.76 0.75 0.45 0.51 0.72 0.86 0.7
KEGG_AUTOIMMUNE_THYROID_DISEASE 0.26 0.45 0.43 0 0.21 0.07 0.75 0.55 0.3 0.45 0.61 0.38 1 0.32 0.48 0.31 0.23 0.06 0.46 0.47 0 0.21 0.37 0.74 0.56 0.35 0.05 0.6 0.38 0.93 0.43 0.51 0.15 0.13 0.47 0.44 0.18 0.04 0.24
KEGG_ALLOGRAFT_REJECTION 0.49 0.4 0.36 0.68 0.53 0.62 0.26 0.86 0.46 0.37 1 0.38 0 0.46 0.35 0.48 0.52 0.7 0.34 0.35 0.66 0.53 0.4 0.3 0.88 0.44 0.73 0.98 0.34 0.12 0.35 0.82 0.55 0.62 0.77 0.75 0.55 0.65 0.53
KEGG_GRAFT_VERSUS_HOST_DISEASE 0.55 0.45 0.41 1 0.57 0.65 0.29 0.78 0.53 0.44 0.32 0.47 0 0.54 0.4 0.61 0.57 0.71 0.38 0.37 0.93 0.58 0.48 0.38 0.81 0.52 0.83 0.76 0.45 0.09 0.42 0.75 0.58 0.64 0.75 0.7 0.58 0.93 0.57
KEGG_VIRAL_MYOCARDITIS 0.34 0.44 0.47 0 0.33 0.22 0.69 0.56 0.39 0.5 0.59 0.4 1 0.42 0.53 0.38 0.33 0.23 0.46 0.51 0.12 0.32 0.4 0.67 0.55 0.41 0.49 0.58 0.72 0.85 0.63 0.54 0.32 0.47 0.51 0.49 0.31 0.16 0.33
