BIOCARTA_GRANULOCYTES_PATHWAY 4.51 4.95 4.92 4.92 4.55 4.57 5.12 5.22 5.03 4.92 5.23 4.79 4.9 4.83 5.39 4.99 4.58 5.15 5.01 4.82 5.11 4.71 4.58 5.01 5.36 4.81 4.88 5.6 4.94 4.75 5.1 5.23 4.52 4.73 5.47 4.88 4.69 4.79 4.48
BIOCARTA_LYM_PATHWAY 4.81 5.06 5.01 6.86 4.59 4.71 5.12 5.27 5.03 6.44 5.23 4.94 5.91 5.02 6.09 5.76 4.83 6.39 5.04 5.36 6.58 5.34 4.6 5.01 5.81 4.81 6.6 5.98 5.17 5.16 5.89 5.56 5.62 5.81 6.72 5.77 5.03 6.27 4.7
BIOCARTA_BLYMPHOCYTE_PATHWAY 5.17 5.93 5.84 6.54 5.78 6.46 6.01 6.84 5.59 6.61 6.25 5.72 4.83 5.84 6.9 5.68 5.38 5.83 6.01 5.86 6.58 5.78 6.51 6.01 6.53 6.21 6.71 6.39 6 4.81 6.75 6.54 6.03 6.59 6.82 6.09 6.16 6.35 5.58
BIOCARTA_CARM_ER_PATHWAY 5.87 6.13 6.18 6.63 6.42 6.18 6.24 5.99 6.05 6.12 6.2 6.29 5.83 6.08 6.14 6.42 5.96 6.21 6.14 6.32 6.51 6.48 6.03 6.25 6.14 6.32 6.18 6.1 6.03 6.18 6.17 6.41 6.34 6.14 6.53 6.13 6.17 6.17 6.18
BIOCARTA_LAIR_PATHWAY 3.71 3.71 3.78 4.14 4.25 3.88 4.17 3.82 3.51 3.99 3.93 3.74 4.12 3.95 3.84 3.65 3.84 4.19 3.87 3.85 4.01 4.52 3.75 3.92 3.94 3.69 3.7 3.98 3.74 3.74 3.79 3.74 3.45 4.11 3.72 3.73 3.6 3.78 3.48
BIOCARTA_VDR_PATHWAY 6.69 7.07 7.21 7.11 7.23 7.57 7.37 7.5 7.44 7.48 6.92 7.39 7.41 7.31 7.16 7.14 6.83 7.18 7.19 7.4 6.97 7.35 7.24 7.7 7.5 7.56 7.63 7.44 7.52 7.22 7.44 7.45 7.43 7.37 7.28 7.56 7.68 7.31 6.75
BIOCARTA_MTA3_PATHWAY 6.37 6.01 6.4 6.87 6.43 7.1 6.68 5.94 6.6 6.22 5.87 5.8 5.96 6.83 5.98 6.71 6.71 6.27 5.65 5.57 7.1 6.57 5.54 6.67 6.34 6.31 6.19 6.09 6.43 6.43 7.2 6.98 7.1 7.8 6.63 6.66 6.76 6.29 5.99
BIOCARTA_EGFR_SMRTE_PATHWAY 5.67 6.05 7.03 6.17 6.65 6.53 5.67 5.69 6.85 7.74 5.59 5.78 6.36 7.14 6.33 6.93 6.07 5.98 5.9 6.82 6.14 5.77 7.08 7.21 6.09 6.97 7.66 5.88 5.5 7.2 5.89 6.59 7.72 6.28 7.19 7.61 7.83 6.71 5.84
BIOCARTA_MONOCYTE_PATHWAY 5.04 6.07 6.23 7.23 5.76 6.64 6.31 6.95 5.41 6.48 7.05 5.85 5.91 5.75 6.09 6.37 5.34 6.67 6.4 6.42 6.65 6.01 5.8 5.81 6.77 5.75 6.74 6.96 5.42 5.16 6.8 6.58 6.16 6.18 6.93 6.76 5.46 6.89 5.45
BIOCARTA_NUCLEARRS_PATHWAY 3.24 3.35 3.42 3.22 3.13 3.11 3.59 3.43 3.3 3.37 3.57 3.4 3.54 3.31 3.37 3.24 3.15 3.21 3.43 3.58 3.15 3.17 3.44 3.52 3.39 3.35 3.3 3.46 3.38 3.44 3.49 3.31 3.18 3.41 3.24 3.33 3.18 3.23 3.09
BIOCARTA_RANMS_PATHWAY 6.46 6.78 6.82 6.36 6.93 7.22 6.91 6.06 6.9 6.88 6.26 6.62 6.73 7.18 6.57 6.53 6.5 6.82 6.38 6.48 6.52 6.61 6.38 6.58 6.92 7.02 6.89 6.5 6.95 6.91 7.27 6.41 7.05 7.32 6.6 6.67 6.85 6.36 6.93
BIOCARTA_TEL_PATHWAY 6.68 7.11 7.25 7.76 7.08 7.43 6.83 7.69 6.85 7.64 6.79 7.11 7.23 7.14 6.9 7.14 6.83 7.08 7.32 7.08 7.53 6.91 7.25 7.38 7.18 6.97 7.91 7.16 7.63 7.1 7.18 7.01 7.69 6.92 7.41 7.78 7.87 7.54 6.95
BIOCARTA_PDZS_PATHWAY 8.06 8.29 7.3 6.91 7.71 6.97 6.41 6.04 6.56 6.26 6.22 6.31 6.22 6.62 6.49 7.24 7.4 8.11 7.56 7.04 7.04 7.14 7.5 6.38 6.01 6.56 6.52 6.37 6.32 6.45 6.35 6.56 7.44 6.36 6.6 6.63 6.85 6.22 7.68
BIOCARTA_RACC_PATHWAY 2.88 3 3.01 2.84 2.88 2.9 3.17 2.87 2.95 2.97 3.16 3.03 3.38 2.97 3.01 2.89 2.85 2.86 3.1 2.89 2.75 2.88 3 3.24 2.97 2.98 2.93 3.03 3.06 3.15 3.14 3.06 2.82 2.88 2.97 2.98 2.82 2.84 2.86
BIOCARTA_EICOSANOID_PATHWAY 4.29 4.46 4.5 4.96 4.52 4.55 4.68 4.81 4.19 4.67 5.04 4.34 4.19 4.36 4.42 4.51 4.35 4.56 4.65 4.5 4.8 4.6 4.49 4.59 4.66 4.37 4.95 4.85 4.36 4.08 4.61 4.85 4.32 4.59 4.69 4.4 4.38 4.7 4.4
BIOCARTA_CHREBP_PATHWAY 6.82 6.98 6.7 5.91 6.92 6.38 5.77 5.47 6.15 6.16 5.52 6.68 5.6 5.96 6.52 6.89 6.65 6.94 6.82 6.1 6.53 6.65 6.91 6.1 6.01 6.65 6.26 5.88 6.72 5.92 6.19 6.76 7.04 5.83 6.39 5.91 6.61 6.08 7.47
BIOCARTA_LIS1_PATHWAY 7.6 7.34 7.16 6.62 7.42 7.5 6.98 7.28 7.53 7.1 7.01 7.21 7.21 7.19 6.98 7.23 7.21 7.37 7.39 6.98 7.45 7.2 7.28 7.86 7.49 7.88 7.04 7.27 7.78 7.51 7.67 7 7.62 7.03 6.89 7.91 7.88 7.28 7.54
BIOCARTA_HSWI_SNF_PATHWAY 7.42 7.24 7.43 7.36 7.55 7.72 7.55 7.45 7.34 7.37 7.02 7.3 7.01 7.16 7.16 7.36 7.44 7.33 7.31 7.32 7.54 7.58 7.41 7.47 7.44 7.66 7.36 7.53 7.44 6.98 7.65 7.61 7.49 7.35 7.18 7.38 7.22 7.53 7.47
BIOCARTA_PCAF_PATHWAY 5.61 5.95 6.03 6.83 5.91 6.22 6.02 6.06 5.93 6.74 6.18 5.66 6.22 6.66 6.03 6.18 6.01 5.88 5.71 6.09 6.33 6.12 5.48 6.6 6.59 5.86 6.56 6.49 5.93 6.65 5.98 6.57 5.98 6.97 6.69 6.41 6.51 6.35 5.59
BIOCARTA_AMAN_PATHWAY 5.13 4.94 5.08 5.92 4.85 5.51 5.43 5.52 5.14 5.57 5.46 5.22 4.94 5.49 5.75 5.21 4.73 5.48 5.21 4.93 5.35 4.66 4.93 5.31 6.18 5.17 5.28 5.36 5.47 5.35 5.61 5.42 4.74 6.07 5.82 5.27 4.92 5.21 5.05
BIOCARTA_EFP_PATHWAY 4.11 4.24 4.43 3.94 3.97 4.2 4.02 4.2 4.32 3.98 4.16 3.81 4.34 3.88 4.23 3.88 3.9 4.16 3.75 4.04 4.07 3.95 4.22 3.92 4.07 3.99 4.06 4.11 3.76 4.12 4.18 4.19 3.96 3.88 3.79 4.02 3.98 3.96 4.09
BIOCARTA_ERAD_PATHWAY 7.43 7.61 7.34 7.7 7.38 7.91 7.04 7.23 7.18 7.11 6.37 7.1 7.06 7.09 7.29 6.94 6.91 7.35 6.75 6.89 7.38 7.42 7.04 7.04 7.28 7.16 7.38 6.76 7.03 7.12 6.9 7.04 7.34 7.27 7.07 6.92 7.21 7.01 7.13
BIOCARTA_BTG2_PATHWAY 5.86 5.45 5.98 7.16 6.59 6.17 5.96 5.92 4.94 6.92 5.93 5.5 5.67 5.93 6.16 6.45 5.83 5.96 6.92 6.43 8.1 6.7 5.94 5.94 5.03 5.38 5.94 6.06 5.2 4.88 6.72 7.01 5.06 6.33 7.04 5.88 5.82 7.33 6.11
BIOCARTA_GHRELIN_PATHWAY 3.59 3.65 4.23 3.31 3.49 5.24 4.05 4.01 3.76 4.13 4.15 3.57 4.2 3.34 4.24 3.57 3.88 3.92 4.08 4.39 3.72 4.13 4.13 4.21 4.97 4.04 4.18 4.45 4.34 4.06 4.11 4.73 4.62 4.03 4.01 3.87 4.23 4.08 3.81
BIOCARTA_PRION_PATHWAY 8.54 8.88 8.46 8.76 8.52 8.52 9.57 9.66 8.7 9.53 8.38 8.4 9.81 10.43 9.57 8.62 8.94 9.29 8.05 7.87 9.05 8.42 8.13 9.57 9.63 8.94 9.66 8.66 8.76 10.22 9.03 8.03 9.42 10.36 9.42 8.94 9.54 9.29 8.54
BIOCARTA_MHC_PATHWAY 8.32 9.03 8.02 9.01 8.91 8.57 8.47 9.55 9.06 8.47 8.29 8.45 6.99 8.7 8.72 8.94 8.45 9.09 8.16 8.02 9.05 9.14 8.23 8.48 9.82 8.98 8.81 8.19 8.55 7.84 8.25 8.73 9.01 8.87 9.04 8.21 8.54 8.47 8.86
BIOCARTA_PRC2_PATHWAY 6.86 7.11 7.22 7.67 6.96 7.66 7.53 7.63 7.44 7.7 7.31 7.38 7.93 7.55 7.07 7.36 7.5 7.26 7.11 7.54 7.1 7.18 7.17 7.7 7.85 7.35 7.58 7.64 7.63 7.45 7.77 7.1 7.4 7.47 7.36 7.71 7.65 7.53 7.66
BIOCARTA_SM_PATHWAY 7.71 7.84 7.69 8.37 7.72 8.15 7.62 7.89 8.11 8.07 7.7 7.85 7.87 7.91 7.91 7.56 7.65 7.67 7.62 7.71 8.1 7.55 7.91 7.75 7.96 7.89 8.07 8.04 7.8 7.81 8.01 7.72 7.81 8.02 7.76 7.84 7.78 8.08 7.7
BIOCARTA_RANBP2_PATHWAY 6.75 6.73 7.05 6.59 6.77 6.72 6.95 6.44 6.68 6.62 7.02 6.58 6.56 7.3 6.45 6.97 6.63 6.73 7.11 6.53 6.55 6.57 6.93 6.41 6.91 6.68 6.76 6.73 6.53 6.66 6.87 6.6 6.77 7.07 6.31 6.47 6.61 6.45 6.95
BIOCARTA_NPC_PATHWAY 5.92 5.66 6.25 6.73 6.57 6.27 5.7 5.59 6.32 6.38 5.74 5.92 6.27 6.03 6.11 6.01 6.16 6.25 6.1 5.6 6.23 6.24 6.16 6.03 6.1 6.56 6.47 6.05 6.25 6.3 6.83 5.94 6.51 6.59 6 6.29 6.52 5.95 6.12
BIOCARTA_NPP1_PATHWAY 4.82 4.71 5.29 4.82 4.86 4.65 4.73 4.97 4.76 4.64 4.8 4.84 4.95 4.92 4.95 4.68 4.79 4.79 5.08 5.34 5.56 4.86 4.92 4.75 4.91 4.74 4.85 5.02 4.57 4.69 5 5.11 4.66 4.8 5.01 5.19 4.82 4.74 4.44
BIOCARTA_HES_PATHWAY 5.34 5.08 5.4 6.43 5.75 6.64 5.92 5.87 5.14 5.71 5.89 5.49 5.82 5.28 5.71 5.98 5.37 5.02 6.06 5.89 6.17 6.11 5.77 5.67 5.65 5.31 5.36 5.86 5.57 5.32 4.92 6.03 5.45 5.5 5.86 6.19 5.44 5.74 5.03
BIOCARTA_PROTEASOME_PATHWAY 8.66 8.77 8.33 8.69 8.64 8.87 8.29 8.62 8.8 8.5 8.17 8.49 8.87 8.55 8.66 8.48 8.41 8.79 8.26 8.15 8.71 8.55 8.46 8.32 8.67 8.45 8.47 8.32 8.28 8.45 8.46 8.12 8.62 8.48 8.24 8.11 8.47 8.46 8.73
BIOCARTA_RELA_PATHWAY 5.57 5.31 5.93 6.75 5.48 5.72 5.81 6 5.66 5.81 5.85 5.6 5.71 5.7 5.94 5.44 5.75 5.66 5.6 5.51 5.96 5.75 5.49 5.77 6.38 5.64 5.91 5.82 5.94 5.3 6.27 6.06 5.63 6.04 6.16 5.97 5.8 5.98 5.23
BIOCARTA_NO1_PATHWAY 5.43 5.07 5.73 5.78 5.46 6.45 5.55 5.18 5.5 5.42 5.63 5.56 5.09 5.27 5.55 5.51 6.03 5.32 5.76 6.04 6.13 5.83 5.65 5.63 6.02 6.46 5.12 6.02 5.9 5.21 5.79 5.77 5.22 5.57 5.67 5.75 5.87 5.71 5.79
BIOCARTA_CSK_PATHWAY 5.97 6.39 6.22 6.57 6.64 6.74 5.88 6.17 5.86 6.67 6.02 6.05 4.64 6.02 6.71 6.46 6.01 6.66 6.34 6.19 7.1 6.32 6.52 6.1 6.58 6.54 6.62 6.42 6.33 5.34 6.8 6.61 6.56 6.14 7.03 6.2 6.56 6.62 6.34
BIOCARTA_SRCRPTP_PATHWAY 6.71 6.34 6.16 6.94 6.18 6.68 6.21 6.22 6.43 6.02 5.84 6.11 5.85 6.07 6.4 5.99 6.09 6.69 6.02 6.27 6.47 6.38 6.17 5.97 6.43 6.45 6.19 6 6.02 5.83 6.1 6.53 6.34 6.86 6.69 5.85 6.22 6.41 6.55
BIOCARTA_AMI_PATHWAY 3.05 3.13 3.14 2.98 2.99 2.95 3.28 3.24 3.08 3.21 3.31 3.19 3.46 3.08 3.12 3.05 2.99 3.03 3.2 3.11 2.87 3.06 3.13 3.17 3.16 3.09 3.08 3.18 3.15 3.22 3.19 3.12 2.96 3.11 3.08 3.09 2.98 2.92 2.98
BIOCARTA_ARAP_PATHWAY 6.58 6.1 6.36 6.38 6.38 6.86 6.43 6.33 6.64 6.39 6.4 6.3 6.3 6.42 6 6.17 6.33 6.57 6.19 6.29 6.42 6.32 5.96 6.59 6.86 6.41 6.68 6.47 6.69 5.99 6.92 6.7 6.32 6.92 6.29 6.62 6.18 6.12 6.34
BIOCARTA_AGR_PATHWAY 5.98 5.99 6.24 5.96 6.26 6.53 5.68 6 6.22 6.22 6.16 6.06 6.45 6.3 6.4 6.56 6.24 6.05 6.42 6.12 6.22 6.16 6.34 6.84 6.29 6.33 6.49 6.17 6.13 6.46 5.96 6.61 6.22 6.54 6.74 6.54 6.54 6.63 6.29
BIOCARTA_AKAP95_PATHWAY 7.52 7.52 7.03 6.34 7.23 6.69 5.63 6.37 5.94 5.94 6.25 5.99 5.62 5.79 7.28 7.35 7.5 7.45 7.33 7.05 7.23 7.31 6.86 6.38 6.36 6.83 6.51 6.57 6.44 5.48 5.92 6.45 7.55 6.1 6.93 6.93 6.93 6.81 7.48
BIOCARTA_AKT_PATHWAY 5.98 6.14 6.37 6.76 6.29 6.57 6.62 6.42 6.57 6.62 6.29 6.39 6.5 6.59 6.47 6.29 6.05 6.26 6.19 6.48 6.33 6.37 6.39 6.47 6.67 6.41 6.46 6.37 6.46 6.64 6.56 6.51 6.38 6.92 6.41 6.3 6.5 6.32 6.14
BIOCARTA_ALK_PATHWAY 4.42 4.26 4.68 5.26 4.89 4.32 4.96 4.71 5.08 4.94 4.82 4.71 4.98 5.34 5.23 5.13 4.7 5.12 4.52 4.54 5.33 5.09 4.76 4.84 5.1 5.28 5.42 4.96 4.73 4.77 5.35 5.3 5.27 5.67 5.4 5.31 5.51 5.22 4.32
BIOCARTA_AT1R_PATHWAY 8.09 7.6 7.49 7.58 7.49 7.66 7.1 7.13 7.27 7.64 6.86 7.3 7.32 7.58 7.44 7.25 7.64 7.7 7.4 7.15 7.76 7.53 7.48 7.27 7.37 7.44 7.61 7.24 7.32 7.38 7.46 7.12 8.02 7.55 7.54 7.48 7.72 7.56 8.06
BIOCARTA_ACE2_PATHWAY 3.25 3.34 3.41 3.23 3.24 3.3 3.09 3.2 3.18 3.02 3.18 3.11 3.37 2.98 3.47 3.26 3.14 3.11 3.4 3.37 2.89 3.25 3.34 3.09 3.41 3.02 3.22 3.28 3.22 3.19 3.19 3.05 3.21 2.92 3.24 3.24 3.23 3.02 3.02
BIOCARTA_ASBCELL_PATHWAY 3.24 3.55 3.54 3.24 3.54 2.88 3.73 3.61 3.19 3.54 3.61 3.56 3.64 3.54 3.71 3.53 3.46 3.47 3.61 3.83 3.46 3.51 3.54 3.5 3.56 3.51 3.49 3.54 3.54 3.65 3.55 3.62 3.47 3.49 3.95 3.53 3.21 3.26 3.51
BIOCARTA_DNAFRAGMENT_PATHWAY 4.95 5.04 5.32 5.37 4.89 5.46 5.39 5.72 5.54 5.34 4.69 5.5 5.68 6.01 5.72 5.31 5.18 5.37 5.08 4.95 5.23 5.2 5.18 5.5 5.18 5.59 5.47 4.94 5.36 5.97 4.58 5.45 5.52 5.68 5.74 5.36 5.56 5.46 5.17
BIOCARTA_CHEMICAL_PATHWAY 5.99 5.75 6.28 6.32 6.41 6.59 6.18 6.13 6.43 6.37 5.95 6.28 6 6.42 6.38 6.3 6.18 6.04 5.86 6.36 6.18 6.59 5.68 6.15 6.67 6.02 6.3 6.29 6.35 6.13 6.1 6.44 6.4 6.92 6.47 6.3 6.5 6.32 5.93
BIOCARTA_SPPA_PATHWAY 6.98 7.34 7 7.46 7.22 7.3 6.25 6.99 6.28 6.98 6.38 6.87 6.68 6.29 7.17 7.02 7.17 7.4 7.02 6.9 7.18 7.34 7.08 6.57 6.83 6.69 6.84 6.6 7.14 6.51 6.97 6.77 7.31 6.87 7.08 7.27 7.11 6.98 7.14
BIOCARTA_ATM_PATHWAY 5.14 5.15 5.22 5.89 5.08 4.87 5.23 5.67 5.07 5.25 5.55 5.17 5.32 5.48 5.26 5.16 4.87 5.01 5.03 4.94 5.45 5.15 5.02 5 5.25 4.92 5.55 5.59 5.17 5.21 5.3 5.22 4.99 5.55 5.37 5.28 5.11 5.24 4.73
BIOCARTA_AGPCR_PATHWAY 8.59 8.62 8.02 7.54 8.42 7.88 7.35 7.07 7.49 7.16 7.59 7.83 7.88 7.29 7.63 8.34 8.25 8.25 8.14 7.22 7.47 8.56 8.2 7.46 7.31 7.49 7.48 7.19 7.43 7.5 7.08 7.73 8.48 7.2 7.68 7.28 7.39 6.83 8.6
BIOCARTA_BCELLSURVIVAL_PATHWAY 5.5 5.14 5.58 5.86 6.3 6.65 5.34 5.88 5.35 5.98 4.53 5.01 5.93 6.1 5.98 4.99 6 5.09 5.23 5.4 6.07 6.44 5.05 5.47 5.55 5.69 6.2 5.76 5.31 5.95 5.25 5.27 6.42 6.41 6.32 5.75 6.36 6.25 5.98
BIOCARTA_BCR_PATHWAY 5.78 6.01 6.23 6.62 6.14 6.16 6.02 6.13 5.93 5.87 6.11 5.66 6.36 6.51 6.3 6.12 6 5.94 6.16 6.14 6.78 6.44 6 5.97 6.22 5.91 6.33 6.42 5.93 6.38 5.98 6.43 5.98 6.41 6.6 6.64 6.51 6.59 5.97
BIOCARTA_BIOPEPTIDES_PATHWAY 7.25 7.59 7.3 7.67 7.38 7.57 7.01 7.07 7.27 7.62 6.84 7.22 7.31 7.67 7.47 7.14 7.25 7.43 7.22 7.06 7.74 7.34 7.26 7.15 7.28 7.29 7.55 7.24 7.18 7.16 7.29 7.12 7.36 7.41 7.62 7.41 7.29 7.36 7.44
BIOCARTA_RANKL_PATHWAY 3.93 3.94 4 4.5 4.63 4.52 4.14 3.87 4.4 4.97 4.13 4.09 4.47 4.82 4.68 4.36 4.41 4.32 4.17 4.07 4.58 4.57 4.04 4.61 4.47 4.49 4.68 4.28 4.14 4.46 4.46 4.56 4.32 4.68 4.78 4.75 4.33 4.45 3.98
BIOCARTA_CDMAC_PATHWAY 6.98 7.34 7.12 7.3 7.22 7.48 6.62 6.99 6.61 7.42 6.68 7.14 7.07 7.13 7.32 7.05 7.17 7.4 7.13 7.06 7.52 7.36 7.12 7.26 6.93 6.91 7.55 6.96 7.14 7.37 7.14 7.07 7.32 7.41 7.44 7.58 7.54 7.38 6.81
BIOCARTA_CASPASE_PATHWAY 3.87 4.01 4.02 4.06 3.8 4 4.01 4.28 3.78 4.16 4.17 3.94 4.11 3.87 3.94 3.73 3.78 3.84 3.95 3.92 3.95 3.8 3.93 3.97 4.14 3.9 4.09 4.14 3.97 4.04 3.97 3.99 3.7 3.89 4.01 3.95 3.94 4.01 3.74
BIOCARTA_CBL_PATHWAY 6.97 6.94 7.03 7.59 7.34 6.85 6.94 6.62 7.09 7.19 7.16 7.07 6.07 6.98 7.33 7.14 7.11 7.03 7.14 6.99 7.4 7.31 7.08 6.99 6.43 6.97 7.3 7.19 7.1 6.86 6.1 7.11 7.14 7.13 7.62 7.19 7.11 6.71 7.1
BIOCARTA_CCR3_PATHWAY 7.04 7.54 7.06 7.31 7.3 7.52 6.35 7.07 6.88 7.52 6.52 7.07 7.29 6.51 7.33 7.15 7.39 7.44 7.3 6.99 7.5 7.36 7.17 7.17 6.92 6.78 7.49 6.74 7.25 7.2 7.14 6.96 7.56 7.2 7.24 7.57 7.43 7.36 7.26
BIOCARTA_CD40_PATHWAY 5.41 5.39 5.31 6.3 5.48 5.48 5.47 5.5 5.76 5.79 5.56 5.6 5.58 5.81 5.82 5.56 5.63 5.72 5.65 5.46 5.83 5.66 5.34 5.66 5.76 5.73 5.77 5.69 5.67 5.44 6.16 5.44 5.62 6.1 5.97 5.92 5.76 5.56 5.39
BIOCARTA_MCM_PATHWAY 3.99 4.08 4.43 4.87 4.08 4.1 4.27 4.23 4.32 3.82 4.13 4.1 4.19 3.87 4.14 4.1 3.94 4.04 4.03 4.02 4.78 4.18 4.24 4.03 4.27 4.22 4 4.34 4.26 4 4.09 3.96 3.91 3.97 4.14 3.83 3.96 3.87 4.08
BIOCARTA_G1_PATHWAY 4.96 4.99 5.08 5.69 5.11 5.1 5.16 5.37 4.89 5.06 5.51 4.83 5.43 5.4 5.33 5.22 4.73 5.28 5.18 5.05 5.66 5.23 4.99 4.93 5.07 5.16 5.54 5.47 4.73 4.94 5.45 5.5 5.2 5.59 5.36 5.62 5.53 5.42 4.63
BIOCARTA_G2_PATHWAY 4.74 4.77 5.01 4.48 4.58 4.53 4.82 4.93 4.67 4.61 4.75 4.53 5.01 4.58 4.7 4.57 4.44 4.76 4.95 4.66 4.55 4.59 4.83 4.65 4.67 4.79 4.54 5 4.81 4.63 4.67 4.56 4.7 4.5 4.56 4.49 4.48 4.69 4.81
BIOCARTA_CELL2CELL_PATHWAY 6.42 6.61 6.87 7.23 6.6 7.79 6.37 6.86 6.85 7.01 6.68 6.34 6.16 6.96 7.17 6.37 6.21 6.94 6.89 6.95 7.12 6.64 6.98 6.64 6.87 6.98 7.1 6.37 6.25 6.77 6.66 6.82 6.76 7.08 6.97 6.75 6.82 7.29 5.79
BIOCARTA_CERAMIDE_PATHWAY 5.87 6.11 6.28 6.77 6 6.24 6.16 6.35 6.54 6.61 6.35 6.17 6.37 6.47 6.28 6.08 5.99 6.34 6.35 6.25 6.3 6.13 6.17 6.27 6.55 6.22 6.42 6.38 5.96 6.35 6.49 6.41 6.13 6.77 6.45 6.28 6.51 6.39 5.83
BIOCARTA_TID_PATHWAY 5.54 5.67 6.57 7.05 5.89 6.69 6.18 6.39 6.23 6.33 6.38 5.93 6.54 6.28 6.13 5.99 5.84 5.79 6.11 6.55 6.47 6.07 5.88 5.93 6.92 5.65 6.88 6.51 6.12 5.83 6.82 6.7 5.4 6.54 6.22 6.63 5.65 6.72 5.53
BIOCARTA_CLASSIC_PATHWAY 4.6 4.72 4.86 4.95 4.52 5.48 4.35 4.62 5.11 4.62 5 4.56 4.2 5.55 5.84 4.58 4.99 5.42 4.86 5.07 5.62 4.9 4.9 4.65 4.85 4.44 5.02 4.79 4.8 4.72 4.57 5.25 4.73 5.62 5.98 4.72 4.59 5.08 4.24
BIOCARTA_COMP_PATHWAY 4.11 4.22 4.18 5.2 4.25 4.36 4.33 4.24 4.27 4.98 4.63 4.28 4.02 4.71 4.3 4.5 4.18 4.38 4.44 4.67 4.23 4.52 4.24 4.26 5.31 4.14 4.74 4.48 4.34 4.49 4.94 4.92 4.17 5.35 4.35 4.23 4.06 4.13 4.09
BIOCARTA_HDAC_PATHWAY 5.91 5.63 5.16 5.24 5.88 5.46 5.67 5.24 5.33 5.58 5.18 5.25 5.09 5.44 5.49 5.4 5.64 5.54 5.35 5.33 5.7 5.72 5.56 5.7 5.33 5.5 5.86 5.47 5.31 5.48 5 5.07 5.74 5.46 5.52 5.67 5.81 5.8 5.98
BIOCARTA_GCR_PATHWAY 5.85 5.77 6.17 6.84 6.26 7.05 5.95 6.34 6.09 6.6 6.24 6.11 6.08 7.11 6.88 6.08 6.32 6.12 6.15 6.75 7.17 6.52 5.91 6.35 6.91 6.14 7.19 6.57 6.11 6.28 6.13 6.25 6.52 7.17 7.06 6.4 6.42 6.44 6.12
BIOCARTA_CTCF_PATHWAY 4.9 4.86 4.8 5.75 5.11 5.32 4.94 5.23 5.12 5.14 4.93 4.68 4.99 5.24 5.49 5.12 5.19 5.13 4.44 4.54 5.48 5.42 4.6 5.08 5.1 5.35 5.51 5.33 5.04 5.27 5.35 4.75 5.33 5.34 5.42 5.49 5.53 5.62 4.72
BIOCARTA_CTL_PATHWAY 3.44 3.59 3.88 3.47 3.38 3.31 3.85 3.72 3.29 3.59 4.16 3.5 4.17 3.41 3.66 3.94 3.35 3.76 3.72 3.74 3.24 3.55 3.56 3.53 3.62 3.39 3.35 3.77 3.63 3.61 3.64 4.41 3.21 3.71 3.98 3.39 3.18 3.85 3.56
BIOCARTA_CXCR4_PATHWAY 6.78 7.19 7.12 7.3 7.22 7.48 6.99 7.13 7.22 7.42 6.84 6.96 7.2 7.72 7.36 7.05 7.17 7.4 7.13 7.06 7.53 7.33 7.12 7.19 7.6 7.26 7.55 7.3 7.14 7.37 7.28 7.07 7.32 7.64 7.54 7.6 7.54 7.36 7.14
BIOCARTA_CELLCYCLE_PATHWAY 5.07 5.18 4.64 5.31 4.91 4.24 4.76 4.73 4.94 5.02 4.8 4.59 4.55 4.54 4.7 4.57 5.07 4.81 5.04 4.58 5.21 4.99 4.8 4.67 4.7 4.9 4.68 4.64 4.56 4.64 4.61 5.05 4.73 4.5 4.76 4.71 4.43 4.74 4.97
BIOCARTA_CFTR_PATHWAY 7.72 7.54 7.49 7.18 7.66 7.56 6.24 6.13 6.67 6.78 6.25 7.37 6.85 6.77 7.15 7.18 7.5 7.51 7.33 6.95 7.08 7.77 7.17 6.38 6.61 6.95 7.1 6.3 7.36 6.87 6.87 7.15 7.55 6.74 7.05 6.81 7.24 6.81 7.48
BIOCARTA_CYTOKINE_PATHWAY 2.98 3.18 3.19 3.06 3.06 3.05 3.43 3.21 3.11 3.22 3.27 3.19 3.29 3.12 3.18 3.05 3 3.04 3.26 3.28 2.95 3.02 3.16 3.23 3.24 3.14 3.12 3.25 3.2 3.26 3.28 3.15 2.92 3.03 3.14 3.16 3.04 3.06 3.01
BIOCARTA_INFLAM_PATHWAY 3.42 3.67 3.75 3.51 3.28 3.55 4.16 3.72 3.49 3.96 3.94 3.77 3.93 3.65 3.76 3.45 3.32 3.43 3.77 3.64 3.66 3.53 3.64 3.85 3.88 3.67 3.73 3.94 3.97 3.89 3.83 3.54 3.4 3.54 3.49 3.54 3.44 3.52 3.33
BIOCARTA_D4GDI_PATHWAY 4.4 4.99 4.56 5.32 4.3 4.69 4.78 5.37 4.26 5.6 5.42 4.52 4.64 4.69 5.1 4.54 4.39 5.04 4.7 4.95 5.11 4.41 4.71 4.64 5.35 4.51 5.54 5.92 4.59 4.53 5.22 4.71 4.49 4.93 5.08 4.83 4.53 5.72 4.55
BIOCARTA_DC_PATHWAY 3.2 3.67 3.49 3.27 3.13 3.19 3.76 3.48 3.47 3.32 3.56 3.63 3.64 3.28 3.59 3.23 3.17 3.17 3.51 3.68 3.08 3.23 3.38 3.65 3.5 3.63 3.27 3.68 3.47 3.63 3.39 3.66 3.16 3.36 3.52 3.42 3.18 3.13 3.19
BIOCARTA_RNA_PATHWAY 6.09 6.19 6.23 7.13 6.41 6.86 5.88 6.34 6.72 6.29 6.66 6.41 6.12 6.54 6.56 6.2 6.25 6.39 6.29 6.5 7.13 6.55 6.7 6.6 6.97 6.67 6.69 6.5 6.62 6.41 6.86 6.22 6.68 6.58 6.96 6.82 7.12 6.79 6.13
BIOCARTA_SKP2E2F_PATHWAY 5.27 5.56 5.64 5.58 5.28 5.54 5.16 5.27 5.26 5.73 5.15 5.21 5.89 5.66 5.29 5.27 5.15 5.25 5.52 5.41 5.56 5.49 5.34 5.35 5.67 5.36 5.5 5.61 5.17 5.49 5.43 5.63 5.28 5.7 5.33 5.42 5.38 5.3 5.29
BIOCARTA_CALCINEURIN_PATHWAY 7.03 7.22 7.21 8.37 7.59 7.56 7.26 7.39 7 7.69 7.66 6.99 7.25 7.32 7.57 7.17 7.47 7.48 7.55 7.38 7.77 7.47 7.6 7.32 7.69 7.39 7.91 7.59 7.55 7.31 7.77 6.9 7.45 7.32 7.67 7.76 7.21 8.34 7.4
BIOCARTA_EGF_PATHWAY 6.82 7.14 7.06 7.25 7.13 7.18 6.93 6.62 6.85 7.38 6.73 6.84 7.07 7.07 7.21 7.09 6.96 7.22 7.02 6.96 7.42 7.1 7.11 7.12 6.7 6.97 7.36 6.92 7.02 7.06 6.9 6.89 7.1 7.03 7.24 7.2 7.14 7.36 7.03
BIOCARTA_NDKDYNAMIN_PATHWAY 9.53 9.19 8.76 8.72 9.13 8.93 8.2 8.07 9.2 7.86 8.38 8.89 7.71 8.65 8.53 9.06 9.1 9.23 8.74 8.07 9 9.1 8.69 8.61 8.44 9.09 8.52 8.62 8.71 7.69 8.78 8.68 8.97 8.39 8.45 8.38 8.72 8.41 9.77
BIOCARTA_EPO_PATHWAY 6.7 6.66 6.92 6.66 6.79 6.46 6.73 6.56 6.49 6.74 6.48 6.62 6.92 6.96 6.9 6.62 6.32 6.8 6.86 6.82 7.04 6.59 7 6.73 6.54 6.34 6.95 6.66 6.37 6.96 6.74 6.6 6.93 6.97 7.06 6.91 6.84 6.94 6.35
BIOCARTA_ECM_PATHWAY 8.22 7.76 7.86 7.62 7.93 7.74 7.08 7.31 7.65 7.8 7.25 7.41 7.67 7.84 7.6 8 8.01 8.02 7.64 7.53 8.01 7.61 7.6 7.55 7.76 7.83 7.8 7.44 7.68 7.89 7.91 7.34 8.15 8.01 7.84 7.61 8.04 7.68 8.06
BIOCARTA_ERK_PATHWAY 6.82 7.1 7.06 6.99 7.08 7.09 6.93 6.91 7.09 7.61 6.84 6.93 6.92 7.14 7.39 6.9 6.85 7.2 6.96 6.99 7.5 6.78 7.17 7.12 6.92 7.12 7.49 6.88 6.71 7.2 7.15 7.11 7.16 7.13 7.26 7.38 7.43 7.36 7.01
BIOCARTA_ERYTH_PATHWAY 3.49 3.25 3.03 3.4 3.29 3.26 3.56 3.23 3.21 3.67 3.44 3.06 3.15 3.58 3.48 3.36 3.2 2.97 3.69 3.03 3.3 3.24 3.05 3.12 3.57 3.65 3.63 3.67 3.09 3.17 3.19 3.47 3.31 3.29 3.33 3.2 3.04 3.29 3.31
BIOCARTA_EPONFKB_PATHWAY 6.01 5.78 5.9 6.91 6.62 6.15 6.06 6.22 5.8 6.35 6.3 5.73 6.03 6.5 6.54 5.73 5.61 5.85 5.46 5.94 6.53 6.87 5.57 6.02 6.66 5.64 6.63 6.2 5.31 6.15 6.14 6.01 6.43 6.79 6.6 6.57 5.98 6.25 5.42
BIOCARTA_EIF_PATHWAY 8.59 8.7 8.6 8.91 8.81 9.05 8.65 8.93 9.12 9.2 8.69 8.63 9.09 8.94 8.82 8.55 8.65 8.72 8.48 8.58 8.88 8.72 8.51 8.92 8.5 8.76 9.04 8.73 8.47 8.74 8.67 8.72 8.86 8.85 8.72 8.82 8.72 9.09 8.79
BIOCARTA_EXTRINSIC_PATHWAY 2.63 2.95 2.71 2.52 2.56 2.6 2.9 2.73 2.76 3.18 3.18 2.75 2.91 2.63 2.7 2.63 2.59 2.55 2.86 2.73 2.5 2.59 2.71 2.88 2.73 2.68 2.64 2.95 2.88 2.78 2.71 3.24 2.58 2.56 2.65 2.65 2.58 2.55 2.56
BIOCARTA_FAS_PATHWAY 5.22 5.47 5.52 5.74 5.29 5.36 5.56 5.82 5.49 5.54 5.86 5.28 5.66 5.5 5.51 5.42 5.23 5.42 5.37 5.42 5.46 5.45 5.58 5.44 5.35 5.09 5.4 5.26 5.36 5.57 5.34 5.54 5.4 5.66 5.51 5.36 5.26 5.49 5.14
BIOCARTA_FCER1_PATHWAY 5.78 5.95 6.2 6.37 6.14 6.16 6.02 6.13 5.93 5.77 6.11 5.66 6.07 6.51 6.19 6.12 6 5.88 6.16 6.11 6.78 6.44 5.93 5.97 6.22 5.91 6.33 6.42 5.93 5.83 5.98 6.41 6.09 6.41 6.6 6.64 6.51 6.59 6.03
BIOCARTA_FIBRINOLYSIS_PATHWAY 3.07 3.15 3.17 2.99 3 2.95 3.31 3.18 3.07 3.21 3.42 3.19 3.3 3.08 3.16 3.07 2.99 3.03 3.22 3.13 2.84 3.07 3.15 3.23 3.17 3.11 3.07 3.21 3.18 3.24 3.19 3.14 2.97 3.11 3.1 3.12 3 2.92 2.98
BIOCARTA_FMLP_PATHWAY 6.28 6.28 6.34 6.81 6.26 6.35 6.18 6.13 5.91 6.5 6.23 5.85 6.6 6.34 6.86 5.97 5.88 6.55 6.1 6.24 6.53 6.53 6.48 5.9 6.62 6.2 6.69 6.45 5.67 6.65 6.72 6.34 6.37 6.46 6.8 6.91 6.11 6.58 6.29
BIOCARTA_FREE_PATHWAY 4.38 4.63 4.54 5.1 4.58 4.3 4.7 4.85 4.85 4.6 5.69 4.83 4.67 4.77 4.83 4.8 4.51 4.57 4.6 4.49 5.07 4.62 4.52 4.55 5.22 4.52 4.82 4.78 4.49 4.91 4.58 4.86 4.53 5.09 5.07 4.78 4.63 4.32 4.37
BIOCARTA_GATA3_PATHWAY 5.45 6.05 6.25 5.74 5.64 6.1 5.63 4.67 5.35 5.87 5.59 5.53 5.09 5.79 6.3 5.5 5.64 5.94 5.59 6.14 5.9 5.72 6 5.71 6.09 6.12 6.02 5.88 5.42 5.48 5.89 6.14 5.74 6.1 5.82 6.01 5.81 6.07 5.84
BIOCARTA_SET_PATHWAY 5.95 6.3 6.55 5.86 6.05 6.49 5.61 6.53 6.22 5.78 6.8 6.36 6.52 6.49 6.18 6.63 6.19 6.32 6.66 6.37 6.23 5.88 6.41 6.55 6.2 6.69 6.79 6.62 6.55 6.54 5.35 6.38 6.57 5.76 6.45 6.71 6.54 6.36 6.11
BIOCARTA_GH_PATHWAY 6.07 6.01 6.2 6.07 6.13 5.99 6.16 6.13 6.13 5.9 6.47 5.86 5.83 6.07 6.19 6.12 6 6.13 6.06 6.38 6 5.8 5.93 5.97 6.43 6.18 6.2 6.66 6.03 5.64 6.1 6.43 6.42 6.33 5.88 6.64 6.36 6.26 6
BIOCARTA_AHSP_PATHWAY 7.09 7.51 6.66 7.8 7.2 7.51 7.36 7.28 7.65 7.1 7.13 7.44 7.59 6.72 7.12 6.96 6.88 7.49 6.64 6.82 7.7 7.12 6.72 7.29 8.01 7.77 6.96 6.75 7.56 7.26 7.78 7.06 6.84 7.21 6.97 7.1 7.05 6.98 7.37
BIOCARTA_HIVNEF_PATHWAY 5.22 5.25 5.34 5.84 5.21 5.26 5.28 5.42 5.45 5.4 5.43 5.18 5.31 5.4 5.61 5.17 5.07 5.27 5.11 5.41 5.43 5.21 5.22 5.2 5.49 5.13 5.4 5.23 5.06 5.12 5.09 5.17 5.08 5.81 5.51 5.29 5.22 5.34 5.03
BIOCARTA_MPR_PATHWAY 7.02 6.99 6.59 5.94 7.14 6.58 6.03 6.24 6.47 6.55 5.86 6.7 5.46 6.21 6.36 6.89 6.8 6.97 6.65 6.34 7.08 6.96 7.06 6.26 6.56 6.65 6.31 6.42 6.7 5.99 6.8 6.62 6.87 6.13 6.61 5.98 6.44 6.32 7.47
BIOCARTA_HCMV_PATHWAY 6.05 6.05 6.25 6.83 6.44 6.6 6.16 6 6.43 6.5 6.18 6.18 6.36 6.67 6.44 6.06 6.11 6.08 5.91 6.33 6.67 6.46 6 6.25 6.38 6.27 6.66 6.46 5.85 6.38 6.53 6.38 6.45 6.65 6.5 6.32 6.41 6.53 6.25
BIOCARTA_P53HYPOXIA_PATHWAY 5.57 4.94 5.84 5.62 5.31 6.65 5.77 5.88 5.94 5.19 5.48 6.08 5.71 5.57 5.85 5.35 5.32 5.16 5.52 6.45 5.72 5.79 6 6.28 6.17 5.9 5.55 6.13 5.69 5.27 5.57 5.79 6.07 5.55 5.84 5.93 6.49 5.63 4.87
BIOCARTA_HIF_PATHWAY 5.81 5.95 6.23 7.25 6.14 7.18 6.02 6.34 5.98 6.35 6.4 5.66 6.67 6.66 6.94 6.72 6.32 5.88 6.86 6.11 6.8 6.53 6.59 6.43 6.41 6.27 6.84 6.65 5.95 6.65 5.98 6.6 5.98 6.97 7.36 6.91 6.51 7.16 6.35
BIOCARTA_IGF1_PATHWAY 6.65 6.74 6.92 6.99 6.82 6.76 6.76 6.56 6.49 6.74 6.47 6.62 6.69 6.98 6.94 6.72 6.32 6.8 6.86 6.82 7.1 6.59 7 6.81 6.43 6.33 6.95 6.65 6.37 7.06 6.83 6.6 6.93 6.94 7.14 6.91 6.84 7.02 6.35
BIOCARTA_IL17_PATHWAY 3.37 3.39 3.5 3.29 3.28 3.32 3.51 3.38 3.3 3.49 3.93 3.37 3.7 3.48 3.49 3.28 3.28 3.36 3.71 3.49 3.24 3.33 3.32 3.45 3.4 3.29 3.37 3.68 3.41 3.53 3.42 3.51 3.19 3.29 3.42 3.33 3.16 3.22 3.22
BIOCARTA_IL2_PATHWAY 5.65 5.63 5.81 5.84 6.22 6.1 5.55 5.34 5.42 5.84 5.91 5.31 5.86 6.59 6.07 5.62 5.9 5.51 5.94 5.53 6.75 6.48 6.02 5.85 5.25 5.39 6.07 5.69 5.48 5.84 5.7 5.87 5.68 6.67 6.33 6.31 5.71 6.68 5.72
BIOCARTA_IL3_PATHWAY 5.52 5.46 5.74 6.08 6.3 6.76 5.1 5.47 4.86 5.17 6.47 4.67 4.79 6.51 5.8 5.43 5.52 6.06 5.14 4.96 6.78 6.44 5.45 5.15 6.43 5.38 5.9 6.66 5.12 4.55 5.42 5.68 5.38 6.41 5.8 5.75 5.14 6.87 5.4
BIOCARTA_IL4_PATHWAY 5.51 5.63 5.74 5.4 5.39 6.08 4.23 5.51 5.23 5.48 4.24 4.47 4.82 5.19 5.42 5.3 5.12 6.08 5.55 5.44 5.46 5.37 5.5 5.39 5.52 4.72 5.72 5.08 5.01 4.98 5.52 4.99 5.94 5.02 5.68 6.1 5.58 5.6 5.46
BIOCARTA_IL5_PATHWAY 3.96 4.14 4.24 4.92 4.55 3.87 4.06 4.24 3.74 4.25 4.3 4.11 3.92 4.19 4.24 3.9 3.89 4.1 4.03 4.2 4.05 4.85 4.22 4.18 3.94 3.94 4.17 4.34 4.22 3.89 4.25 4.2 3.87 4.12 4.17 4.18 4.1 4.06 4.11
BIOCARTA_IL6_PATHWAY 6.92 7.14 7.11 7.25 7.3 7.18 6.93 6.62 7.03 7.52 6.73 6.93 7.07 7.07 7.39 6.9 6.96 7.37 7.02 6.99 7.5 7.1 7.35 7.12 6.7 6.98 7.36 6.92 7.06 7.2 7.21 7 7.1 7.13 7.37 7.25 7.14 7.36 7.03
BIOCARTA_IL10_PATHWAY 3.99 4.17 4.16 5.68 4.14 4.11 3.94 4.66 4.15 4.94 4.79 4.17 4.2 4.75 5.16 3.69 4.1 4.31 4.18 4.16 5.67 4.1 4.17 4.17 5.49 3.97 5.51 5.26 3.91 4.18 4.78 5.02 4.22 5.58 5.58 4.91 4.08 4.94 3.72
BIOCARTA_IL12_PATHWAY 3.44 3.72 3.73 3.31 3.48 3.31 3.67 3.38 3.54 3.38 4.15 3.89 4.05 3.35 3.57 3.51 3.28 3.68 3.85 3.49 3.28 3.27 3.71 3.57 3.4 3.6 3.3 4.04 3.62 3.42 3.3 3.37 3.52 3.29 3.32 3.33 3.32 3.57 3.72
BIOCARTA_IL2RB_PATHWAY 5.5 5.41 5.48 5.72 5.35 5.67 4.99 5.47 5.34 5.41 4.65 4.59 4.79 5.19 5.59 5.25 5.49 5.46 5.14 4.98 5.83 5.53 5.41 5.15 5.52 5.38 5.49 5.49 5.31 4.98 5.42 5.15 5.38 5.49 5.52 5.67 5.17 5.94 5.4
BIOCARTA_IL7_PATHWAY 4.88 4.71 4.52 5.63 4.79 5.11 4.51 4.93 4.48 5.13 4.41 4.14 4.4 4.36 5.62 4.46 4.73 5.13 4.36 4.49 5.74 4.82 4.38 4.83 4.78 4.96 5.34 5.65 4.73 4.75 4.7 4.78 4.93 4.61 5.5 5.13 4.97 5.79 4.65
BIOCARTA_GSK3_PATHWAY 6.01 6.04 6.41 6.93 6.68 6.63 6.18 6.51 6.34 6.74 6.42 6.39 6.2 6.6 6.58 6.49 6.2 6.26 6.7 6.81 6.78 6.87 6.24 6.58 6.47 6.43 6.49 6.45 6.43 6.64 6.64 6.89 6.52 6.61 6.77 6.35 6.42 6.66 6.26
BIOCARTA_DEATH_PATHWAY 4.57 4.71 5.01 5.51 4.5 5.09 5.23 5.22 5.2 4.95 4.7 5.01 5.07 5.34 5.38 4.99 4.69 4.92 4.7 4.71 5.39 4.95 4.91 5 5.23 4.99 5.25 5.19 4.63 4.73 5.08 5.15 5 5.26 5.31 5.26 5.17 5.04 4.73
BIOCARTA_RACCYCD_PATHWAY 6.3 6.39 6.75 7.28 6.71 6.75 6.15 6.43 6.67 7.03 6.3 6.4 6.76 6.74 6.87 6.63 6.34 6.37 6.51 6.63 7.35 6.79 6.34 6.77 6.92 6.64 7.05 6.52 6.43 6.7 6.91 6.92 6.52 6.93 7.11 6.74 6.79 7.16 6.2
BIOCARTA_GLEEVEC_PATHWAY 6.65 6.66 6.49 6.47 6.79 6.85 6.69 6.61 6.54 6.74 6.4 6.46 6.67 6.81 6.87 6.72 6.4 6.76 6.73 6.45 7.04 6.91 6.59 6.7 6.62 6.52 6.66 6.65 6.5 6.91 6.49 6.5 6.59 6.97 6.8 6.91 6.51 6.87 6.44
BIOCARTA_INSULIN_PATHWAY 6.7 6.91 7.06 7.21 6.87 6.85 6.9 6.61 6.61 6.97 6.52 6.82 6.92 7.03 6.98 6.81 6.35 7.2 6.86 6.83 7.1 6.59 7.11 6.99 6.57 6.7 7.3 6.88 6.71 7.11 6.9 6.87 7 6.97 7.24 7.19 7.11 7.36 6.47
BIOCARTA_INTEGRIN_PATHWAY 7.1 7.1 7.16 7.65 7.32 7.66 6.93 6.99 6.84 7.3 6.84 7.13 6.97 7.59 7.47 6.93 7 7.16 7.03 7.2 7.76 7.23 7.14 7.06 7.45 7.18 7.33 7.28 7.09 7.16 7.3 7.26 7.36 7.74 7.64 7.25 7.13 7.42 7.07
BIOCARTA_INTRINSIC_PATHWAY 2.94 2.95 2.79 2.71 2.69 2.71 3.04 2.93 2.76 3.02 3.16 2.78 3.37 2.98 2.84 2.71 2.67 2.96 2.86 2.78 2.63 2.72 2.75 2.99 2.82 2.75 2.74 2.95 2.88 3.05 3.02 3.11 2.65 2.91 2.73 2.75 2.89 2.67 2.69
BIOCARTA_KERATINOCYTE_PATHWAY 5.49 5.37 5.8 6.66 5.72 6.07 5.74 5.85 5.64 5.81 5.81 5.57 5.19 5.86 5.97 5.47 5.49 5.66 5.6 5.91 6.12 5.68 5.55 5.71 5.92 5.68 5.92 5.85 5.36 5.48 5.86 6.05 5.66 6.04 5.92 5.9 5.66 6.18 5.25
BIOCARTA_TCRA_PATHWAY 3.58 4.45 4.66 4.58 4.13 4.76 4.44 4.53 4.2 4.53 4.92 3.73 4.01 4.01 5.17 4.38 4.07 4.21 4.68 4.53 5.26 4.19 4.38 4.4 4.98 4.29 4.66 4.56 4.34 3.66 4.61 4.81 4.47 4.53 5.34 4.44 4.33 4.89 3.98
BIOCARTA_LECTIN_PATHWAY 3.68 3.71 3.78 3.76 3.47 3.64 3.94 3.82 3.54 3.85 3.82 3.74 3.94 3.7 3.84 3.65 3.66 3.51 3.77 3.73 3.57 3.62 3.72 3.8 3.87 3.68 3.68 3.8 3.75 3.92 3.75 3.73 3.45 3.67 3.69 3.68 3.53 3.5 3.48
BIOCARTA_PYK2_PATHWAY 7.23 7.64 7.48 7.62 7.34 7.62 7.08 7.08 7.46 7.61 6.85 7.32 7.34 7.6 7.43 7.15 7.39 7.44 7.3 6.99 7.8 7.36 7.35 7.21 7.44 7.44 7.61 7.19 7.25 7.2 7.36 7.11 7.56 7.61 7.57 7.25 7.43 7.54 7.26
BIOCARTA_MAPK_PATHWAY 6.06 6.05 6.13 6.66 6.05 6.15 6.16 5.99 6.18 5.97 6.18 5.85 5.83 6.19 6.22 6.05 6.06 5.96 6.06 6.14 6.51 6.13 6.01 6.33 6.27 6.06 6.17 6.3 5.96 5.83 6.01 6.29 6.01 6.27 6.32 6.18 6.12 6.38 6
BIOCARTA_MCALPAIN_PATHWAY 7.75 7.63 7.66 6.51 7.79 7.57 6.15 6.21 6.92 6.97 6.3 7.03 5.95 7.03 7.22 7.27 7.6 7.65 7.34 7 7.46 7.9 7.3 7 6.79 7.05 7.29 6.67 6.92 7.05 6.8 7.54 8.15 7.25 7.46 7.27 7.32 6.76 7.7
BIOCARTA_PPARA_PATHWAY 5.88 6.5 6.85 6.88 6.53 7.1 5.95 6.61 6.39 6.54 6.4 6.61 6.41 6.48 6.62 6.62 6.26 6.9 6.91 6.76 6.86 6.66 7.01 6.65 6.61 6.75 7.04 6.74 6.73 6.19 6.68 6.6 6.83 6.65 7.01 6.91 6.79 6.83 6.61
BIOCARTA_ETS_PATHWAY 6.49 6.58 6.58 6.63 6.48 6.76 6.23 6.38 6.39 6.65 6.55 6.59 6.36 6.66 6.71 6.64 6.49 6.56 6.73 6.58 6.78 6.57 6.6 6.66 6.75 6.52 6.59 6.65 6.64 6.65 6.59 6.63 6.5 6.97 6.86 6.62 6.51 6.68 6.42
BIOCARTA_MTOR_PATHWAY 6.93 6.72 6.93 6.83 7.04 7.45 6.76 6.78 6.73 6.89 6.66 6.84 6.47 6.81 6.73 6.97 6.71 6.66 6.54 7.18 6.8 7.1 6.54 7.08 7.18 6.58 6.73 6.71 7.19 6.93 6.84 6.99 6.94 6.88 6.79 6.69 6.94 6.95 7.33
BIOCARTA_IGF1R_PATHWAY 6.92 7.25 7.48 7.18 7.34 7.56 6.79 6.62 6.99 7.16 6.52 7.12 6.69 6.98 7.39 7.13 7.11 7.37 7.14 6.99 7.5 7.11 7.17 6.99 7.16 7.12 7.3 6.89 7.25 7.2 7.15 7.13 7.55 7.13 7.26 7.19 7.14 6.89 7.46
BIOCARTA_PITX2_PATHWAY 5.35 5.04 5.59 5.74 5.18 5.46 5.93 5.98 5.75 5.32 5.36 5.54 5.61 5.37 5.75 5.34 5.18 5.12 5.38 5.7 5.45 5.64 5.32 5.96 5.45 5.48 5.39 5.52 5.89 5.56 5.65 5.75 5.42 5.61 5.67 5.64 5.87 5.52 5.15
BIOCARTA_NGF_PATHWAY 5.92 5.98 6.22 6.37 6.22 6.31 6.37 5.94 6.03 6.14 6.26 5.76 6.68 6.65 6.54 6.22 6.14 5.97 6.45 6.25 6.75 6.48 6.26 6.57 5.91 6.1 6.5 6.14 5.98 6.55 6.06 6.51 6.27 6.67 6.38 6.76 6.52 6.71 6.14
BIOCARTA_VIP_PATHWAY 6.32 6.54 6.69 6.9 6.57 6.86 5.77 6.07 6.38 6.1 6.15 5.93 5.51 6.21 6.67 6.54 6.5 6.52 6.57 6.3 6.9 6.57 6.7 6.19 6.44 6.58 6.37 5.97 6.71 5.95 6.64 6.44 6.68 6.25 6.66 6.36 7.15 6.15 6.24
BIOCARTA_NFAT_PATHWAY 5.4 5.63 5.85 5.63 5.64 5.46 5.45 5.2 5.45 5.41 5.45 5.44 5.45 5.75 5.84 5.43 5.59 5.47 5.41 5.91 5.9 5.74 5.66 5.71 5.49 5.69 6.02 5.74 5.43 5.48 5.59 6.13 5.72 5.73 5.82 5.67 5.78 6.03 5.66
BIOCARTA_NTHI_PATHWAY 5.7 5.79 6.13 6.8 5.81 6.1 6.14 6 5.86 5.87 5.73 5.53 6.25 6.05 6 5.9 5.77 5.94 5.79 6.14 6.35 5.86 6 6.1 6.27 5.91 6.17 5.83 5.94 5.82 5.98 6.14 5.74 6.17 6.05 6.01 6.03 6.39 5.74
BIOCARTA_NFKB_PATHWAY 4.72 5.09 5.28 6.68 5.14 5.35 5.23 5.3 5.53 5.76 5.45 5.12 5.22 5.5 5.86 4.9 4.69 5.23 4.7 5.14 5.91 5.15 5.44 5.11 5.4 5.38 5.7 5.56 4.94 4.9 5.98 5.19 5.08 5.8 5.92 5.97 5.27 5.47 4.73
BIOCARTA_NOS1_PATHWAY 7.41 7.54 7.21 6.46 7.4 7.54 5.77 5.53 6.03 6.42 6.02 6.53 5.48 6.32 7.22 7.17 7.44 7.48 7.31 6.64 6.97 7.54 7.08 5.99 6.56 6.79 6.29 6.5 6.73 5.65 6.41 6.7 7.3 6.76 7.03 6.53 6.93 6.34 7.37
BIOCARTA_NO2IL12_PATHWAY 2.71 2.87 2.87 3.04 2.94 2.78 3.04 3.15 2.84 3.18 3.36 2.83 3.01 3.24 2.97 2.82 2.81 2.81 2.9 3.08 2.77 2.8 2.86 3.4 2.84 2.85 2.79 2.93 3.13 3.03 2.86 3.22 2.86 2.81 2.84 2.77 2.78 2.81 2.8
BIOCARTA_ARENRF2_PATHWAY 5.81 6.35 6.25 6.4 6.3 6.62 6.02 6.55 5.93 6.45 5.93 5.66 6.36 6.66 6.88 5.65 6.13 6.02 6.02 6.11 6.67 6.44 6.38 6.14 6.31 5.86 6.44 5.96 5.66 6.18 5.98 6.14 6.06 6.96 6.51 6.53 6.58 6.73 5.83
BIOCARTA_P38MAPK_PATHWAY 6.61 6.48 6.74 6.75 6.65 6.71 6.65 6.4 6.59 6.39 6.47 6.51 6.37 6.49 6.39 6.43 6.55 6.73 6.67 6.4 6.72 6.64 6.73 6.86 6.22 6.69 6.59 6.86 6.46 6.37 6.62 6.52 6.78 6.56 6.53 6.74 6.84 6.73 6.25
BIOCARTA_P53_PATHWAY 5.5 5.12 5.41 6.04 5.64 5.52 5.18 5.91 4.89 5.97 5.74 5.14 5.49 5.75 5.71 5.41 5.11 5.34 5.45 5.61 5.86 5.87 5.48 5.38 4.84 5.13 5.74 6.09 4.94 4.89 6.08 5.8 4.87 5.94 6.02 5.76 5.34 6.13 4.66
BIOCARTA_PDGF_PATHWAY 6.87 7.19 7.08 7.28 7.22 7.35 6.98 6.84 6.82 7.18 6.78 6.88 7.09 7.05 7.27 6.99 6.99 7.29 7.08 6.91 7.46 7.1 7.23 7.06 6.72 6.87 7.33 6.96 7.04 7.04 7.06 6.88 7.08 7.08 7.31 7.19 7.13 7.36 7.07
BIOCARTA_CCR5_PATHWAY 5.43 5.98 6.2 6.35 6.06 6.85 5.85 6.46 5.63 6.49 6.19 5.59 6.22 6.57 6.25 5.84 5.73 6 6.23 6.12 6.59 6.22 5.82 5.97 6.41 5.68 6.48 6.27 5.51 6.11 5.93 6.52 5.86 7.03 6 6.77 6.41 6.8 5.65
BIOCARTA_PTDINS_PATHWAY 6.38 6.62 6.9 6.81 6.8 6.95 6.78 6.66 6.49 6.92 6.32 6.43 6.61 6.87 6.61 6.64 6.38 6.6 6.8 7.21 7.19 6.86 6.51 6.75 7.13 6.5 7.17 6.7 6.47 6.64 6.64 6.54 6.54 6.92 6.55 6.97 6.52 7.18 6.36
BIOCARTA_PLCE_PATHWAY 6.39 6.44 6.88 7.06 6.62 7.27 5.91 6.38 6.67 6.56 6.25 7.37 6 6.27 6.9 6.59 6.19 6.42 6.66 6.37 6.69 6.09 6.95 6.28 6.61 6.47 6.51 6.21 7 6.36 6.47 6.45 6.53 6.18 6.95 6.42 6.52 6.09 7.46
BIOCARTA_EDG1_PATHWAY 7.04 7.25 7.47 7.55 7.59 7.47 6.35 7.07 6.67 7.19 6.37 7.07 7.2 6.94 7.33 7.41 7.39 7.44 7.3 7.15 7.25 7.31 7.17 7.02 6.92 6.75 7.38 6.47 7.29 7.44 7.04 7.28 7.25 7.2 7.38 7.53 7.34 7.01 7.46
BIOCARTA_CDK5_PATHWAY 7.27 7.19 6.93 6.62 7.31 7.09 6.14 5.63 7.23 5.91 5.63 7.23 6.03 6.11 6.53 6.9 6.96 7.37 6.73 5.99 7.45 7.2 7.17 6.17 6.23 7.44 6.31 6.74 7.25 5.48 6.45 5.96 7.56 6.02 6.56 6.35 7.43 7.36 7.81
BIOCARTA_MYOSIN_PATHWAY 7.04 7.19 6.95 7.09 7.13 7.52 6.36 7.24 6.43 7.18 6.42 6.85 7.89 6.51 7.04 7.15 7.39 7.44 7.3 6.99 6.86 7.31 7 6.76 6.93 6.63 6.85 6.48 7.02 7.35 6.79 6.84 7.05 6.82 6.85 6.97 7.18 6.64 7.26
BIOCARTA_PLATELETAPP_PATHWAY 3.12 3.13 3.16 3.02 3.1 3.04 3.3 3.25 3.13 3.16 3.28 3.17 3.38 3.12 3.15 3.11 3.08 3.03 3.22 3.21 2.84 3.18 3.14 3.19 3.19 3.13 3.06 3.45 3.16 3.44 3.17 3.21 3.07 3.2 3.18 3.14 3.05 2.98 3.06
BIOCARTA_PS1_PATHWAY 5.81 5.47 5.97 6.39 5.73 7.02 6.11 6.4 6.16 6.4 5.99 6.07 6.21 6.37 5.96 6.07 5.52 5.2 5.99 6.23 6.23 5.92 6.12 6.46 6.29 6.02 6.44 6.53 5.85 6.21 6.65 6.89 6.12 6.33 6.23 6.55 6.07 5.9 5.24
BIOCARTA_AKAPCENTROSOME_PATHWAY 6.68 6.28 6.51 6.07 6.52 6.27 5.64 5.89 5.74 5.71 5.84 5.95 5.74 5.78 6.11 6.17 6.29 6.4 6.2 6.18 6.15 6.43 6.36 6.13 6.06 6.16 6.12 5.93 6.35 5.99 5.91 6.28 6.41 5.85 6.15 6.17 6.04 5.83 7.31
BIOCARTA_PTEN_PATHWAY 6.7 7.1 7.11 7.27 7.08 7.09 6.76 6.78 6.85 7.61 6.66 6.84 6.69 7.14 7.52 7.13 6.71 7.2 7.02 6.99 6.84 7.1 7.11 7.12 6.92 6.97 7.61 6.74 7.1 7.32 7.15 7.13 7.16 7.13 7.51 7.25 7.14 7.49 6.6
BIOCARTA_RAB_PATHWAY 9.79 9.15 8.93 8.93 9.4 9.17 8.84 9.05 9.17 9.36 8.27 9.18 9.23 8.97 8.86 9.11 9.31 9.28 8.69 8.53 9.08 9.29 8.99 8.96 9 9.25 9.11 8.49 9.07 9.08 8.93 8.26 9.46 8.74 8.79 9.06 9.29 9.09 9.26
BIOCARTA_RAC1_PATHWAY 6.11 5.75 6.06 5.63 6.14 6.17 5.53 5.48 6.06 5.5 5.49 6.12 4.43 5.61 5.72 6.23 6.04 5.93 6.07 5.45 6.03 6.04 5.85 6.07 5.82 5.95 6.06 5.76 6.09 5.48 5.92 5.51 6.45 5.71 5.86 5.76 6.36 6.04 6.44
BIOCARTA_RAS_PATHWAY 6.65 6.94 6.99 6.98 6.96 7.12 6.96 6.62 6.88 7.09 6.67 6.88 7.02 7.24 7.11 6.85 6.64 6.89 6.85 6.98 7.15 7 7.22 7.24 7.07 6.89 7.08 6.93 6.85 7.22 7.04 6.74 7.01 7.28 7.19 7.48 7.47 6.93 6.77
BIOCARTA_NKCELLS_PATHWAY 4.75 5.14 5.34 5.65 4.59 5.32 5.1 5.47 4.53 5.18 5.26 4.67 4.13 4.44 5.72 5.23 4.44 5.09 4.86 4.79 5.6 5.2 4.59 5.47 5.76 5.38 5.88 5.82 5.31 4.71 5.11 4.93 4.93 4.7 5.66 5.67 5.14 5.65 4.47
BIOCARTA_RB_PATHWAY 4.16 4.13 4.64 4.53 4.2 4.21 4.57 4.73 4.61 4.61 4.68 4.28 4.73 4.48 4.7 4.24 4.19 4.22 4.38 4.32 4.56 4.24 4.43 4.3 4.18 4.6 4.4 4.64 4.51 4.47 4.61 4.37 4.04 4.44 4.58 4.46 4.13 4.74 4.23
BIOCARTA_BAD_PATHWAY 6.22 6.44 6.36 6.32 6.62 6.64 5.97 6.11 6.43 6.56 5.79 6.41 5.83 6.29 6.44 6.51 6.11 6.36 6.06 6.43 6.3 6.51 6.41 6.37 6.51 6.47 6.42 6.1 6.44 6.36 6.57 6.45 6.48 6.29 6.45 6.28 6.49 6.25 6.25
BIOCARTA_CK1_PATHWAY 8.37 7.65 7.49 7.18 7.92 7.57 6.14 6.38 7 6.78 5.88 7.37 5.62 6.51 7.15 7.35 7.77 7.54 7.67 7.05 7.47 7.78 7.91 6.38 6.61 7.16 7.1 6.89 7.43 6.36 6.87 7.15 7.96 6.54 7.01 7.02 7.39 6.83 8.13
BIOCARTA_EIF4_PATHWAY 6.79 6.58 6.76 6.81 6.92 6.87 6.06 6.69 6.45 6.73 6.57 6.63 6.22 6.55 6.67 6.75 6.68 6.64 6.51 6.72 6.78 7 6.51 6.58 6.74 6.57 6.67 6.65 6.73 6.64 6.45 6.76 6.9 6.83 6.64 6.62 6.86 6.69 6.93
BIOCARTA_STEM_PATHWAY 3.46 3.55 3.61 3.51 3.63 3.41 3.71 3.61 3.48 3.67 3.93 3.7 3.76 3.65 3.67 3.48 3.32 3.56 3.71 3.68 3.5 3.53 3.64 3.69 3.63 3.61 3.63 3.68 3.62 3.61 3.53 3.68 3.44 3.61 3.51 3.53 3.5 3.44 3.35
BIOCARTA_P27_PATHWAY 6.57 6.57 6.44 7.34 6.42 6.96 5.67 6.59 6.79 6.65 6.22 6.44 6.68 6.67 6.93 6.95 6.27 6.63 6.5 6.15 6.93 6.15 6.32 6.47 6.38 6.76 6.6 6.37 6.44 6.19 6.62 6.02 6.41 6.65 6.83 6.37 6.9 6.7 6.71
BIOCARTA_PGC1A_PATHWAY 6.13 6.16 5.81 5 6.03 5.8 5.91 5.73 6.26 5.97 5.12 6.35 5.6 5.99 5.27 5.78 5.85 6.03 5.7 5.66 5.36 6.1 5.63 5.73 6.09 6.32 5.67 5.54 6.22 5.84 5.69 5.65 5.93 5.76 5.42 5.66 5.85 5.58 6.22
BIOCARTA_PML_PATHWAY 4.27 4.98 5.36 5.7 5.04 5.4 5.24 5.82 5.35 5.46 5.44 4.78 5.21 4.86 5.41 5.13 4.55 5.05 5.1 5.41 5.34 5.18 5.49 5.14 5.41 5.13 5.43 5.16 5.03 4.7 5.46 5.41 5.04 5.53 5.47 5.35 5.21 5.52 4.42
BIOCARTA_DREAM_PATHWAY 7.04 7.01 6.89 7.03 7.19 7.37 5.91 6.49 6.04 6.76 6.27 5.95 6.15 6.59 7.05 6.95 6.91 6.82 7.09 6.17 7.25 7.19 6.88 6.56 6.55 6.55 6.92 6.37 6.22 6.28 6.8 6.52 6.97 6.57 7.03 6.97 6.97 6.82 6.91
BIOCARTA_LEPTIN_PATHWAY 3.98 4.27 4.57 4.3 4.07 4.4 4.53 4.44 4.25 4.4 4.53 4.37 4.61 3.94 4.38 4.1 3.85 4.18 4.21 4.58 3.98 4.14 4.21 4.35 4.36 4.42 4.25 4.71 4.5 4.5 4.53 4.34 3.98 4.03 4.26 4.25 3.95 4.27 4.07
BIOCARTA_RHO_PATHWAY 6.15 6.4 6.3 6.4 6.2 6.47 6.27 6.05 6.19 6.21 6.12 6.12 6.16 6.3 6.32 6.37 6.3 6.21 6.46 6.48 6.38 6.24 6.52 6.27 6.26 6.06 6.39 6.21 6.2 6.32 6.39 6.37 6.4 6.54 6.64 6.33 6.3 6.4 6.04
BIOCARTA_AKAP13_PATHWAY 7.52 7.52 7.25 7.18 7.35 7.23 6.59 6.9 6.97 7.16 6.73 6.85 6.98 6.96 7.28 7.35 7.5 7.45 7.33 7.09 7.23 7.31 6.86 6.76 6.77 6.92 7.1 6.89 6.99 6.97 6.87 7.08 7.55 6.82 7.05 7.02 7.18 6.83 7.48
BIOCARTA_ATRBRCA_PATHWAY 4.24 4.52 4.57 4.5 4.26 4.29 4.59 4.81 4.36 4.43 4.63 4.24 4.71 4.59 4.57 4.35 4.23 4.61 4.55 4.4 4.39 4.28 4.39 4.36 4.2 4.35 4.44 4.72 4.54 4.46 4.44 4.26 4.68 4.21 4.57 4.3 4.51 4.27 4.45
BIOCARTA_CARDIACEGF_PATHWAY 5.65 5.68 6.4 7.19 6.22 6.64 5.79 6.07 6.03 6.13 5.92 5.54 5.76 6.57 6.26 6.42 6.03 5.93 6.03 6.25 6.79 6.12 6.26 6.19 6.3 6.1 6.26 5.84 5.71 6.14 5.86 6.52 6.04 6.37 6.83 6.77 6.52 6.86 5.72
BIOCARTA_HER2_PATHWAY 6.65 6.52 7.06 6.67 7.08 7.09 6.55 6.62 6.78 7.52 6.47 6.62 6.69 6.98 6.42 6.9 6.48 6.76 6.25 6.96 6.86 6.75 7.08 7.12 6.43 6.97 7.3 6.74 6.37 7.14 7.06 7.11 7.16 7.14 7.19 7.25 7.11 6.71 6.36
BIOCARTA_ERK5_PATHWAY 6.16 6.22 6.34 6.73 6.57 6.41 6.31 6.24 6.35 6.63 6.29 6.4 6.31 6.72 6.52 6.21 6.19 6.22 6.11 6.46 6.94 6.55 6.04 6.52 6.53 6.43 6.8 6.6 6.2 6.48 6.73 6.61 6.52 6.63 6.88 6.68 6.51 6.71 6.02
BIOCARTA_MAL_PATHWAY 7.52 7.46 7.48 7.31 7.62 7.62 6.9 7.08 7.65 7.52 6.85 7.32 7.36 7.65 7.43 7.54 7.58 7.64 7.49 6.99 7.8 7.36 7.35 7.21 6.99 7.58 7.61 7.29 7.38 7.53 7.36 7.19 7.65 7.61 7.51 7.58 7.75 7.36 7.55
BIOCARTA_MEF2D_PATHWAY 7.31 7.74 7.48 8.49 7.74 7.95 7.45 7.71 7.99 7.76 7.66 7.88 7.44 7.75 7.93 7.63 7.5 7.53 7.53 7.6 7.82 7.73 7.71 7.7 8.01 8.1 7.95 8 7.79 7.53 8 7.55 7.5 7.6 7.85 7.85 7.73 7.8 7.78
BIOCARTA_MITOCHONDRIA_PATHWAY 4.38 4.33 4.48 4.58 4.42 4.64 4.72 4.55 4.64 4.71 4.45 4.29 4.74 4.63 4.61 4.61 4.28 4.68 4.67 4.5 4.67 4.65 4.43 4.59 4.58 4.47 4.58 4.62 4.62 4.64 4.25 4.61 4.05 4.64 4.51 4.6 4.5 4.64 4.69
BIOCARTA_ACH_PATHWAY 4.47 4.53 4.38 4.26 4.38 4.38 4.27 4.63 4.52 4.64 4.21 3.95 4.26 4.15 4.78 4.39 4.27 4.44 4.25 3.99 4.25 4.4 4.24 4.83 4.07 4.59 4.5 4.84 4.72 4.85 4.37 3.96 4.34 4.09 4.55 4.56 4.36 4.3 4.34
BIOCARTA_BARR_MAPK_PATHWAY 8.49 8.16 7.55 7.61 8.02 7.69 6.9 7.19 7.65 7.64 6.84 7.64 7.36 7.6 7.52 7.76 8.01 8.02 7.64 7.14 7.53 7.78 7.6 7.33 7.64 7.58 7.68 6.74 7.53 7.53 7.15 7.42 8.24 7.61 7.29 7.61 7.86 7.58 8.09
BIOCARTA_TOB1_PATHWAY 3.4 3.39 3.73 3.31 3.25 3.31 3.48 3.38 3.3 3.38 3.94 3.22 3.65 3.35 3.57 3.28 3.17 3.39 3.72 3.49 3.39 3.14 3.32 3.45 3.4 3.19 3.3 3.94 3.52 3.44 3.19 3.37 3.21 3.29 3.32 3.33 3.14 3.13 3.22
BIOCARTA_BARRESTIN_SRC_PATHWAY 8.4 8.01 7.51 7.46 7.85 7.66 6.62 7.02 7.55 7.58 6.68 7.51 7.33 7.56 7.41 7.65 7.89 7.98 7.57 7.06 7.67 7.7 7.48 7.27 7.28 7.51 7.63 6.72 7.46 7.5 7.14 7.38 8.07 7.38 7.32 7.6 7.79 7.47 8.05
BIOCARTA_NKT_PATHWAY 3.32 3.12 3.41 3.22 3.27 3.22 3.69 3.41 3.23 3.51 3.62 3.43 3.17 3.43 3.38 3.4 3.19 3.15 3.18 3.46 3.27 3.19 3.27 3.51 3.73 3.72 3.38 3.58 3.71 3.67 3.49 3.68 3.52 3.21 3.14 3.23 3.15 3.23 3
BIOCARTA_IL1R_PATHWAY 4.58 4.78 4.95 5.83 5.02 5 4.99 5.08 4.85 5.03 5.28 4.86 5.06 5.13 5.06 4.89 4.55 5.05 4.73 4.69 5.47 5.15 4.79 4.88 5.18 5.1 5.17 5.06 4.89 4.83 5.02 5.01 4.91 5.07 5.25 5.04 5.07 5.28 4.5
BIOCARTA_MET_PATHWAY 6.82 6.87 6.92 7.25 7.3 6.85 6.75 6.78 6.98 7.08 6.73 6.84 7.07 7.07 7.39 6.9 6.96 6.91 6.96 6.99 7.43 7.1 7.11 7 6.92 7.13 7.36 6.74 7.1 7.06 7.15 6.87 7.1 6.97 7.37 7.38 7.43 7.36 7.01
BIOCARTA_GPCR_PATHWAY 7.41 7.54 7.27 7.22 7.48 7.57 6.96 6.76 6.83 6.76 6.62 7.34 7.18 6.92 7.31 7.17 7.44 7.48 7.31 7.09 7.44 7.49 7.36 7.01 7.03 6.98 7.23 7.04 7.27 6.97 6.88 7.05 7.56 7.08 7.31 7.15 7.32 6.92 7.47
BIOCARTA_IGF1MTOR_PATHWAY 5.5 5.76 5.89 6.1 5.57 6.26 5.88 5.79 5.62 6.3 5.93 5.74 5.72 6.41 6.38 5.72 5.97 6.08 5.76 6.02 6.06 5.55 5.76 5.75 6.33 5.69 6.33 6 5.76 5.83 6.07 5.89 6.07 6.32 6.36 6.24 6.36 6.19 5.98
BIOCARTA_SODD_PATHWAY 3.04 3.21 3.35 3.53 2.96 3.18 3.39 3.37 3.14 3.22 4.03 3.15 3.7 3.28 3.26 3.05 2.98 3.1 3.29 3.22 3.56 2.96 3.21 3.38 3.26 3.27 3.17 3.63 3.2 3.37 3.36 3.29 3 3.16 3.41 3.2 3.02 3.47 2.92
BIOCARTA_SHH_PATHWAY 5.57 5.11 6.11 5.5 5.61 5.81 5.63 4.74 5.59 5.6 5.26 5.6 5.62 5.69 5.05 5.91 5.7 5.53 5.45 6.19 5.54 5.81 5.7 5.75 5.47 5.49 5.45 5.23 5.6 5.48 5.42 5.87 5.38 5.79 5.87 6.04 5.55 5.52 5.48
BIOCARTA_PTC1_PATHWAY 4.46 4.43 3.57 4.5 3.73 4.18 4.07 3.8 4.8 3.68 3.62 3.86 4.31 3.52 3.64 3.42 3.67 4.19 3.69 3.4 3.79 3.56 3.53 3.75 3.95 3.9 3.37 3.79 3.58 3.63 3.89 3.33 3.88 3.87 3.45 3.33 3.54 4 4.82
BIOCARTA_SPRY_PATHWAY 6.81 7.12 7.08 7.15 7.19 6.97 6.53 6.77 6.97 7.57 6.49 6.87 6.88 7.22 7.41 7.01 6.62 7.28 6.88 6.97 7.61 6.85 7.14 7.15 6.68 7.05 7.55 6.81 6.73 7.2 7.18 6.99 7.36 6.97 7.31 7.4 7.29 7.36 6.53
BIOCARTA_BARRESTIN_PATHWAY 7.31 7.33 7.22 6.54 7.32 6.99 6.3 6.54 6.41 6.92 5.56 7.48 6.16 6.32 6.45 7.18 6.79 7.18 7.22 6.53 6.59 6.88 7.58 6.76 6.29 6.55 6.91 6.06 7.44 7.17 6.77 7.45 7.26 6.05 6.38 6.71 7.06 6.68 7.75
BIOCARTA_STATHMIN_PATHWAY 4.42 4.25 4.48 4.43 4.18 4.3 4.85 4.49 4.46 4.49 4.99 4.64 4.55 4.45 4.49 4.47 4.4 4.34 4.36 4.49 4.1 4.4 4.48 4.67 4.51 4.47 4.45 5.18 4.48 4.58 4.54 4.49 4.17 4.62 4.52 4.45 4.43 4.24 4.97
BIOCARTA_HSP27_PATHWAY 4.32 4.76 4.97 5.24 4.38 4.19 4.88 4.89 4.19 5.11 4.49 4.56 4.56 5.15 4.91 5.17 4.7 4.73 4.86 5.22 4.91 4.45 4.55 4.81 5.07 4.69 5.32 4.64 4.68 4.8 4.59 4.96 4.32 5.67 5.03 5.03 5.05 4.99 4.5
BIOCARTA_TCR_PATHWAY 5.92 5.98 6.22 6.75 6.22 6.46 6.37 6.07 6.03 6.11 6.29 5.78 6.53 6.57 6.54 6.22 6.14 5.97 6.46 6.18 6.75 6.48 6.26 6.19 6.4 6.12 6.39 6.14 5.98 6.17 6.04 6.42 6.27 6.61 6.43 6.77 6.52 6.54 6.14
BIOCARTA_TCYTOTOXIC_PATHWAY 3.85 3.89 3.99 3.82 3.91 3.58 3.93 3.82 3.75 3.87 4.69 3.88 4.13 3.85 3.91 3.85 3.86 4 4.03 4.12 3.8 3.84 3.88 3.85 3.89 3.85 3.7 4.39 3.8 3.78 3.88 4.08 3.81 4.18 4.02 3.95 3.86 3.8 4.08
BIOCARTA_THELPER_PATHWAY 3.97 4.66 4.58 4.54 4.36 4.26 4.73 4.76 4.61 4.58 5.11 4.24 4.36 4.43 4.82 4.59 4.38 4.72 4.65 4.53 4.6 4.45 4.41 4.63 4.81 4.51 4.45 4.94 4.51 4.16 4.67 4.8 4.35 4.68 5 4.64 4.43 4.48 4.44
BIOCARTA_TALL1_PATHWAY 5.45 5.31 5.28 6.62 5.64 5.61 5.37 5.69 5.66 5.81 5.42 5.53 5.41 5.7 5.77 5.44 5.51 5.79 5.59 5.43 5.7 5.68 5.23 5.59 5.8 5.5 5.85 5.19 5.42 5.21 5.89 5.19 5.74 6.17 5.54 5.72 5.81 5.65 5.56
BIOCARTA_TGFB_PATHWAY 5.7 5.55 5.6 6.68 5.73 5.77 5.87 6.07 5.38 5.88 6.03 5.4 5.67 6.05 5.85 5.99 5.32 6.18 5.88 5.49 6.6 6.09 5.69 6.28 5.81 5.68 6.39 6.57 5.95 5.3 5.98 6.17 5.63 6.31 6.12 6.3 6.3 6.39 5.29
BIOCARTA_TH1TH2_PATHWAY 3.23 3.26 3.48 3.42 3.34 3.42 3.58 3.49 3.46 3.49 4.05 3.49 3.65 3.46 3.57 3.46 3.21 3.44 3.31 3.6 3.26 3.37 3.49 3.51 3.43 3.47 3.44 3.5 3.52 3.59 3.48 3.49 3.41 3.23 3.47 3.47 3.42 3.36 3.2
BIOCARTA_41BB_PATHWAY 5.07 5.25 5.14 6.66 5.22 5.45 5.3 5.46 5.5 5.6 5.5 5.43 5.31 5.6 5.86 5.37 5.26 5.58 5.29 5.19 5.8 5.4 5.21 5.36 5.91 5.44 5.8 5.51 5.22 5.12 5.49 5.17 5.4 6.01 5.68 5.69 5.54 5.6 5.05
BIOCARTA_CTLA4_PATHWAY 3.3 3.47 3.63 3.28 3.4 3.12 3.61 3.5 3.41 3.46 3.88 3.39 3.78 3.44 3.64 3.4 3.34 3.57 3.67 3.66 3.35 3.33 3.43 3.48 3.48 3.35 3.39 3.79 3.53 3.54 3.33 3.49 3.34 3.39 3.64 3.43 3.17 3.2 3.36
BIOCARTA_LONGEVITY_PATHWAY 5.71 5.39 5.45 6.23 6.07 5.98 5.46 5.54 5.89 6.15 5.2 5.58 5.41 5.78 6.08 5.41 6.14 5.58 5.22 5.77 6.27 6.06 5.45 6.16 5.51 6.1 6.43 6.11 5.84 6 5.72 5.81 6.52 6.03 6.01 6 6.42 6.14 6.01
BIOCARTA_PAR1_PATHWAY 6.19 6.16 6.21 6.5 6.26 6.47 6.24 6.11 6.21 6.27 5.87 6.12 6.07 6.13 6.2 6.37 6.22 6.42 6.24 6.22 6.03 6.04 6.01 6.22 6.05 6.47 6.19 6.22 6.29 5.83 6.1 6.6 6.45 6.16 6.12 6.3 6.3 6.51 6.25
BIOCARTA_STRESS_PATHWAY 5.53 5.33 5.27 6.51 5.61 5.54 5.52 5.32 5.6 5.57 5.66 5.57 5.54 5.6 5.82 5.42 5.55 5.6 5.45 5.44 5.8 5.48 5.47 5.5 5.74 5.46 5.72 5.58 5.52 5.55 5.61 5.17 5.57 5.95 5.68 5.69 5.47 5.53 5.25
BIOCARTA_TNFR1_PATHWAY 5.52 5.33 5.27 5.51 5.59 5.32 5.33 5.33 5.81 5.26 5.52 5.12 5.67 5.36 5.28 5.31 5.45 5.46 5.3 5.14 5.44 5.33 5.32 5.29 4.92 5.42 4.99 4.93 5.62 5.12 4.88 5.08 5.61 5.37 4.92 5.26 5.41 5.5 5.22
BIOCARTA_TNFR2_PATHWAY 4.97 5.25 5.31 6.54 5.39 5.48 5.3 5.5 5.6 5.79 5.36 5.47 5.31 5.6 5.82 5.37 5.1 5.51 5.15 5.46 5.83 5.49 5.34 5.35 5.76 5.47 5.77 5.69 5.29 5.05 6.16 5.44 5.3 5.95 5.97 5.92 5.38 5.56 4.98
BIOCARTA_TOLL_PATHWAY 5.45 5.34 5.28 6.66 5.71 5.72 5.67 5.41 5.55 5.76 5.72 5.33 5.41 5.93 5.86 5.44 5.64 5.66 5.59 5.33 5.96 5.72 5.49 5.71 5.6 5.5 5.7 5.59 5.42 5.21 5.89 5.19 5.52 6.04 5.82 5.88 5.49 6.07 5.26
BIOCARTA_TPO_PATHWAY 6.81 7.12 7.06 7.25 6.98 7.14 6.83 6.74 6.82 6.87 6.61 6.83 7.03 6.97 7.15 6.81 6.99 7.21 7.01 6.85 7.26 7.04 7.03 6.86 6.72 6.87 7.33 6.9 7.04 6.99 6.78 6.85 7.03 7.07 7.31 7.07 6.96 7.19 7.05
BIOCARTA_CREB_PATHWAY 7.14 7.54 7.3 7.25 7.5 7.47 6.71 6.76 7.04 6.77 6.89 7.1 6.72 6.79 7.31 7.17 7.44 7.43 7.31 6.99 7.28 7.21 7.14 6.77 6.68 7.12 7.02 6.96 7.19 6.69 6.88 7.13 7.33 7 7.39 7.1 7.09 6.86 7.47
BIOCARTA_CARM1_PATHWAY 6.49 6.78 7.35 6.78 6.7 7.42 6.23 6.04 6.32 6.65 6.28 6.53 5.67 6.74 6.79 6.89 6.57 7 7.19 6.94 6.8 6.73 7.14 6.33 6.56 6.98 6.91 6.5 6.83 6.43 6.8 7.02 7.35 6.94 7.11 6.76 7.15 6.67 6.62
BIOCARTA_TFF_PATHWAY 5.72 5.77 6.37 6.01 6.6 6.53 5.64 5.97 6.49 6.62 5.41 6.02 5.88 6.79 6.38 6.28 6.16 6.03 5.91 6.48 6.11 6.34 6.22 6.37 6.34 6.19 6.46 5.66 6.33 6.93 6.12 6.51 6.46 6.69 6.47 6.3 6.5 6.32 6.01
BIOCARTA_TRKA_PATHWAY 5.99 5.83 6.23 6.45 6.45 6.41 6.35 6 6.28 6.11 5.8 6.12 6 6.35 6.31 6.09 6.14 6.07 6.03 6.41 6.27 6.19 5.96 6.19 6.33 6.43 6.27 6.16 6.2 6.14 6.12 6.4 6.52 6.6 6.19 6.48 6.51 6.17 6.01
BIOCARTA_ARF_PATHWAY 5.48 5.44 5.47 5.51 5.33 5.32 5.72 5.49 5.36 5.49 5.67 5.47 5.47 5.39 5.69 5.35 5.47 5.24 5.47 5.44 5.37 5.53 5.36 5.48 5.52 5.46 5.6 5.56 5.45 5.53 5.36 5.48 5.31 5.34 5.48 5.49 5.32 5.75 5.37
BIOCARTA_UCALPAIN_PATHWAY 6.97 6.59 6.87 7.96 6.51 8.47 6.38 6.86 6.59 7.02 6.36 6.83 6.25 7.61 7.96 6.63 6.81 6.94 6.89 7.52 8.46 6.86 6.98 6.78 7.68 6.98 7.24 6.44 6.37 6.62 7.35 7.34 7.03 8.26 8.22 7.25 6.99 7.81 7.22
BIOCARTA_VEGF_PATHWAY 6.65 6.81 6.8 7.31 6.93 7.19 6.93 6.94 6.81 6.75 6.77 6.9 7.18 6.99 7.12 6.82 6.5 6.91 6.81 6.9 6.86 6.71 6.85 6.78 6.9 6.78 6.84 6.85 6.8 7.27 6.95 6.72 6.89 7.2 7.36 6.84 7.14 6.79 6.73
BIOCARTA_VITCB_PATHWAY 6.54 5.97 7.03 7.43 6.75 7.1 6.15 6.33 6.57 6.99 6.5 6.51 5.54 6.8 6.73 6.34 6.58 6.8 6.66 7.22 7.54 6.93 6.75 6.29 6.68 6.6 7.14 6.66 6.44 5.77 6.71 6.21 6.67 7.11 6.66 6.9 6.76 7.72 6.32
BIOCARTA_WNT_PATHWAY 5.51 5.48 5.54 6.05 5.85 5.89 5.93 5.82 5.38 6.04 5.62 5.3 5.59 5.73 5.91 5.76 5.68 5.62 5.66 5.48 5.81 5.9 5.67 5.79 5.43 5.45 5.74 5.77 5.31 5.34 5.85 5.88 5.39 6.06 5.81 5.63 5.73 6.28 5.66
BIOCARTA_ACTINY_PATHWAY 6.83 7.08 7.33 7.62 6.96 7.48 7.48 7.56 7.61 7.64 7.56 7.45 7.81 7.69 7.32 7.29 7.13 7.41 7.13 7.52 7.89 7.11 7.08 7.71 7.65 7.05 7.71 7.62 7.4 7.65 7.67 6.94 7.44 7.95 7.33 7.36 7.21 7.48 6.79
