PID_HDAC_CLASSII_PATHWAY -5.43 -2.21 0.54 0.05 -4.55 1.22 3.41 4.11 -0.08 1.94 2.57 -0.84 5.09 -0.01 0.94 -3.49 -4.73 -3.05 -0.24 1.75 -3.78 -3.49 0.24 4.09 4.03 0.45 1.03 3.73 0.47 2.56 1.46 1.13 -3.94 -0.17 -0.85 1.4 -1.06 0.96 -5.27
PID_DNA_PK_PATHWAY -2.53 -1.06 0.84 -1.66 -3.66 0.03 2.86 2.27 -1.85 1.67 2.63 0.22 3.53 1.47 0.19 -1.5 -2.32 -2.3 0.91 1 -4.1 -2.79 0.58 1.08 0.75 -1.29 0.08 1.67 -0.06 3.33 2.74 1.7 -1.99 1.43 -0.33 1.7 -0.21 -1.25 -3.78
PID_INTEGRIN_CS_PATHWAY 0.83 0.59 -0.69 1.32 2.97 1.82 -4.44 -2.9 -0.1 -1 -3.67 -0.52 -4.98 1.02 -0.95 1.32 3.03 1.89 -2.08 -1.15 3.93 2.76 0.36 -1.46 -2.4 0.82 0.46 -3.51 -0.23 -2.13 -1.95 -1.42 3.49 1.41 0.12 -0.59 2.21 1.85 3.96
PID_ARF6_TRAFFICKING_PATHWAY -5.93 -2.87 0.06 -0.64 -4.85 -0.41 6.96 2.76 0.06 1.78 5.51 0.97 6.21 0.42 1.12 -2.38 -4.63 -4.52 -0.41 1.92 -4.51 -4.18 -0.73 3.52 3.92 0.15 0.73 4.88 0.83 3.65 2.9 2.19 -4.56 0.45 0.23 1.38 -2.27 -1.22 -8.47
PID_ILK_PATHWAY -5.31 -3.45 -0.43 7.34 -2.39 2.88 -0.96 0.47 -1.3 1.54 -2.17 -2.13 -0.32 1.67 0.46 -2.25 -3.69 -2.49 -1.84 0.24 4.18 -1.39 -1.85 1.21 2.88 -0.94 3.19 0.85 -1.86 -0.12 2.89 1.16 -1.64 4.14 2.29 1.86 0.85 3.04 -6.59
PID_CIRCADIAN_PATHWAY -2.39 0.89 0.95 -2.62 -2.39 -1.13 4.2 1.46 -0.57 1.27 1.31 2.58 4.56 0.63 0.31 -2.13 -3.17 -1.01 -0.52 0.95 -4.2 -2.01 0.53 2.32 -0.41 -0.39 0.57 -0.3 1 3.68 0.29 0.71 -1.68 0.73 0.56 0.07 -0.53 -0.83 -3.3
PID_HDAC_CLASSI_PATHWAY 8.56 3.81 0.37 -1.3 5.02 -0.27 -5.25 -3.26 -0.14 -2.94 -2.16 0.9 -5.36 -1.97 -0.2 4.12 6.64 3.61 1.68 -0.45 3.15 4.3 1.2 -5.22 -3.56 -1.18 -2.57 -2.85 0.05 -3.08 -4.87 -0.55 2.49 -2.74 -0.59 -3.32 -0.88 0.15 8.66
PID_CONE_PATHWAY 1.57 -0.86 -1.4 3.14 2.79 2.84 -6.06 -2.55 0.32 -2 -4.82 -0.93 -6.41 0.79 -1.22 1.5 2.1 2.71 -2.55 -1.34 5.82 2.42 -0.51 -3.32 -2.92 0.61 2.04 -2.92 -2.13 -5.3 -1.61 -1.25 4.99 2.47 1.03 0.31 4.24 4.66 3.77
PID_ERB_GENOMIC_PATHWAY -2.17 0.64 0.35 -1.77 -3.08 -0.74 4.8 0.81 -0.82 0.88 1.17 0.6 6.8 0.46 0.87 -1.18 -2.88 -1.17 0.14 1.08 -3.79 -1.94 0.13 2.3 0.41 -1.22 0.72 -0.37 0.66 2.67 0.38 1.8 -2.42 1.86 -0.39 0.61 -1.05 -2.09 -3.03
PID_MYC_PATHWAY -5.42 -2.47 0.5 1.72 -2.7 -2.19 2.08 1.13 -1.12 0.93 1.54 -1.05 4 2.45 -0.04 -1.33 -3.85 -2.25 -1.3 1.69 -1.89 -1.32 -2.3 1.8 1.88 -0.86 1.56 -0.36 -1.42 3.66 2.87 1.3 -0.66 5.06 0.83 2.59 1.42 0.47 -6.93
PID_RANBP2_PATHWAY 3.17 1.2 0.25 -1.48 1.34 -1.83 0.93 -1.04 -1.74 -0.71 2.28 1.01 -2.93 -1.08 0.1 2.29 2.4 0.48 2.8 1.56 0 3.03 1.97 -0.71 -0.95 -0.37 -2.88 -0.55 -0.01 -0.97 -2.81 0.98 -0.63 -2.7 0.46 -1.13 -2.06 -2.22 2.58
PID_AR_TF_PATHWAY 5.61 2 -1.59 2.74 4.22 0.57 -5.81 -1.98 0.96 -1.31 -3.69 -0.57 -6.16 -0.15 -0.66 1.66 5.02 4.07 -1.36 -3.01 6.57 3.14 0.27 -4.42 -1.83 -0.97 -0.36 -3.5 -2.59 -4.82 -1.46 -3.69 4.31 -0.11 0.26 -1.99 1.67 3.64 5.3
PID_RXR_VDR_PATHWAY 2.5 0.52 -2.09 3.77 3.71 3.04 -3.84 -1.19 0.92 -1.31 -1.11 -1.68 -5.63 -0.69 -0.3 1.32 3.22 1.87 -1.02 -1.59 4.84 2.51 -1.15 -1.8 -3.42 0.46 -0.29 0.02 -1.47 -4.43 0.1 -2.56 0.5 -1.03 -0.32 -0.75 0.53 3.8 4
PID_INTEGRIN2_PATHWAY -1.18 -0.06 -0.04 -2.78 -2.73 -4.88 6.15 1.94 1.95 0.26 4.46 1.82 6.13 -0.89 0.25 -0.6 -2.08 -3.03 2.74 1.23 -5.46 -0.25 -0.21 3.32 1.04 0.21 -2.45 2.66 1.36 3.81 0.89 1.74 -4.46 -1.83 -0.39 -0.13 -2.2 -4.35 -1.95
PID_CMYB_PATHWAY -5.8 -0.87 2.02 -2.72 -5.56 -2.53 7.53 5.88 -0.8 1.65 6.64 0.98 9.6 -1.15 1.87 -3.75 -6.39 -4.69 1.93 2.98 -8.1 -4.05 1.73 5.55 3.54 0.3 -0.2 5.11 1.76 5.22 3.5 1.3 -6.6 -1.94 -1.36 1.27 -3.1 -3.49 -7.27
PID_ERA_GENOMIC_PATHWAY 2.97 -0.15 -2.1 3.65 3.55 1.39 -5.97 -2.99 0.68 -1.01 -3.54 -2.13 -9.23 1.16 -0.03 1.82 4.21 2.21 -2.42 -2.11 7.63 3.23 -0.43 -4.32 -2.47 0.14 0.01 -2.1 -2.24 -4.92 -0.62 -1.1 3.45 2.11 2.7 -0.18 1.74 3.69 3.73
PID_RHODOPSIN_PATHWAY -2.29 0.08 2.19 -3.21 -2.56 -3.29 5.51 1.98 -1.19 1.82 4.23 0.49 6.51 -0.45 1.76 -1.35 -1.81 -3.16 2.73 2.34 -5.32 -1.06 0.38 2.86 2.41 -0.37 -1.57 2.89 1.73 4.45 0.88 1.44 -5.26 -1.61 -0.12 0.46 -4.04 -4.46 -4.04
PID_RETINOIC_ACID_PATHWAY 6 1.91 0.3 0.66 3.29 0.24 -3.66 -2.21 1.07 -1.43 -0.79 -0.56 -5.21 -0.85 -0.32 2.86 4.55 2.04 1.52 -0.93 3.76 3.17 0.36 -2.81 -2.54 -0.27 -1.99 -1.77 -1.69 -3.2 -1.9 -2.87 1.53 -1.23 0.08 -2.07 -0.84 0.51 5.29
PID_INTEGRIN5_PATHWAY -1.71 -0.31 0.83 -1.05 -3.2 -0.86 5.25 1.28 -1.36 1.82 4.43 1.5 3.86 0.19 0.58 -1.01 -3.83 -2.17 0.96 0.84 -3.62 -2.42 0.63 1.6 1.53 -1.13 -1.13 2.4 1.25 3.05 1.76 0.34 -2.04 -0.63 -0.42 0.47 -1.76 -1.99 -3.92
PID_HNF3A_PATHWAY -2.22 0.58 3.4 -5.53 -4.7 -4.03 7.76 2.93 -0.44 1.02 5.24 2.06 6.38 -1.4 0.71 -0.68 -2.5 -2.48 3.55 1.58 -8.05 -3.37 1.34 3.81 2.37 -0.07 -1.76 3.28 2.7 4.84 0.84 2.09 -2.99 -3.94 -1.2 0.07 -2.87 -5.15 -3.19
PID_FANCONI_PATHWAY -2.55 0 1.65 -5.16 -3.21 -2 5.68 3.5 -0.16 1.43 3.49 1.64 6.54 -0.38 0.21 -1.94 -3.96 -1.88 2.02 1.78 -6.43 -3.06 0 2.55 2.04 -0.37 -0.76 4.19 1.55 4.04 2.12 1.76 -4.03 0.19 -0.87 0.8 -3.32 -2.47 -4.62
PID_SMAD2_3NUCLEAR_PATHWAY -6.82 -0.97 0.35 -2.02 -5.52 -3.96 8.24 4.22 0.45 3.14 4.39 1.54 9.69 0.96 1.14 -3.37 -6.67 -4.05 -0.34 3.06 -7.97 -4.16 -0.65 4.38 3.01 -0.27 0.27 3.39 0.89 5.66 3.69 2.03 -5.16 0.95 0.72 2.3 -1.49 -3 -8.05
PID_FCER1_PATHWAY -5.67 -2.49 -0.06 -0.74 -4.85 -3.26 5.3 5.59 -0.79 0.45 6.24 0.65 6.75 0.06 1.07 -2.01 -5.69 -3.86 0.77 2.44 -3.93 -3.3 -1.26 3.54 4.2 -0.63 0.69 5.96 0.8 3.52 1.63 2.83 -6.23 1.3 -0.1 1.65 -3.04 -1.07 -6.44
PID_ENDOTHELIN_PATHWAY 3.28 0.51 -0.1 4.87 3.73 4.01 -7.43 -4.07 -0.23 -0.48 -7.74 -2.05 -7.13 1.23 -1.42 1.43 2.81 3.08 -0.77 -1.23 6.66 3.96 -0.14 -3.47 -2.06 -0.34 0.86 -5.53 -1.56 -4.34 -1.85 -1.78 5.36 2.38 1.19 -0.34 2.96 2.7 3.03
PID_BCR_5PATHWAY -6.95 -2.44 0.32 -0.4 -5.82 -0.5 5.91 5.67 -2.23 2.09 5.87 -0.25 5.18 0.72 1.9 -2.2 -6.25 -3.14 -0.36 3.66 -4.01 -4.29 -0.73 3.21 3.79 -1.76 0.45 4.48 -0.8 3.62 1.83 3.6 -5.41 2.23 1.52 2.5 -2.27 -0.54 -8.2
PID_PRL_SIGNALING_EVENTS_PATHWAY -4.46 -3.3 0.28 0.39 -3.39 0.17 1.82 5.24 -0.74 2.74 1.72 -1.24 3.5 -0.26 1.61 -2.2 -2.82 -2.93 -0.49 0.77 -1 -3.84 -0.58 3.34 2.52 -0.03 2.14 3 0.62 1.5 1.44 -1.56 -2.11 -0.4 -0.29 1.33 -0.59 2.47 -4.36
PID_RHOA_PATHWAY -4.69 -2.18 -0.37 -2.28 -3.73 -3.17 5.53 4.73 0.25 1.62 6.55 0.25 6.79 -0.75 1.24 -1.82 -3.38 -3.46 0.66 0.82 -4.62 -3.42 -0.12 3.46 2.33 -0.49 -0.12 4.55 1.82 4.08 2.06 -0.3 -3.61 -0.96 -1.3 1.06 -1.97 -0.44 -4.63
PID_ERBB4_PATHWAY 3.92 0.14 -0.69 2.73 4.33 1.81 -7.09 -4.02 0.55 -0.71 -5.26 -1.21 -5.72 0.08 -0.4 1.08 3.86 3.09 -1.22 -1.9 5.41 3.8 0.39 -2.88 -3.47 0.19 1.01 -4.86 -1.49 -3.77 -3.54 -0.84 3.53 1.15 1.65 -0.15 2.61 3.56 4.34
PID_AURORA_B_PATHWAY -2.25 0.85 1.88 -3.77 -3.11 -3.32 7.92 2.87 -1.21 1.8 5.85 1.19 6.97 -0.82 1.06 -1.45 -2.84 -2.99 2.45 0.89 -6.09 -2.81 1.08 3.84 0.95 -0.28 -1.44 3.91 1.75 4.03 1.83 0.23 -4.17 -1.65 -1.1 -0.23 -4.42 -3.66 -3.77
PID_LYSOPHOSPHOLIPID_PATHWAY 7.03 3.94 0.69 -3.88 3.18 0.12 -1.22 -2.31 1.99 -2.08 -2.39 2.11 -3.48 -1.63 -1.52 1.23 4.53 3.86 1.43 -0.7 -0.81 2.27 2.25 -2.69 -4.24 1.93 -3.54 -2.94 1.56 -1.73 -3.38 -2.88 4.48 -3.63 -3.13 -2 1.17 -1.32 7.75
PID_INSULIN_PATHWAY -6.96 -2.69 -0.28 -1.14 -4.69 -0.22 6.89 3.51 0.28 2.31 4.9 2.43 5.49 1.48 1.44 -2.39 -5.92 -3.47 -0.8 3.21 -4.12 -3.91 -0.34 3.05 0.7 -0.5 -0.1 3 0.27 4.24 2.14 2.41 -4.92 2.3 1.02 0.67 -1.21 -1.89 -6.2
PID_NOTCH_PATHWAY 7.63 4.98 0.03 -2.41 4.49 -1.02 -5.39 -3.79 1.81 -1.22 -3.86 0.55 -5.49 -0.02 -0.26 1.91 5.59 5.31 0.41 -2.56 2.81 2.67 1.73 -3.57 -3.83 1.08 -1.17 -3.61 -0.31 -3.02 -3.03 -4.31 3.94 -1.92 -1.08 -3.56 0.26 0.09 10.15
PID_INTEGRIN1_PATHWAY -1.1 1.7 1.03 -6.46 -3.49 -5.49 8.66 3.36 0.22 1.3 7.98 3.1 7.52 -2.04 0.48 -2.02 -3.21 -3.37 2.72 0.14 -8.36 -2.12 1.05 4.68 1.8 0.68 -2.08 5.8 3.36 5.05 1.79 0.21 -3.95 -4.87 -2.14 -0.82 -3.71 -5.77 -1.65
PID_P73PATHWAY -4.7 -1.02 1.44 -3.02 -6.03 -4.21 8.22 4.7 -2.1 2.85 6.98 1.43 8.8 -0.75 1.38 -2.11 -5.42 -5.05 2.42 2.7 -8.59 -4.07 0.37 5.7 3.49 -0.72 -0.51 5.98 2.05 7.79 3.53 1.86 -6.73 -1.71 0.23 0.78 -4.28 -4.73 -6.95
PID_P38_MKK3_6PATHWAY -3.86 -0.71 0.92 2.17 -3.14 2.17 1.44 2.62 -1.59 1.42 -1.55 -1.19 4.72 2.17 1.73 -1.91 -4.14 -1.22 -1.04 0.62 -1.62 -2.8 -0.4 0.4 2.2 -2.29 2.16 0.37 -1.44 1.81 1.33 0.88 -1.74 3.03 -0.11 0.65 -0.12 1.92 -3.85
PID_GMCSF_PATHWAY -5.62 -1.87 -0.9 -0.37 -4.01 -1.32 4.26 4.93 -0.4 0.88 3.63 1.26 4.47 0.35 0.72 -1.02 -4.98 -3.04 -0.07 2.44 -3.28 -4.04 -0.85 3.42 3.75 -0.04 0 3.68 0.68 2.47 2.25 3.67 -5.24 0.34 -0.41 0.16 -2.28 0.32 -3.93
PID_WNT_NONCANONICAL_PATHWAY -4.87 -2.95 -0.34 3.5 -4.15 0.13 3.71 2.88 0.35 0.66 2.2 -1.3 4.72 -0.59 0.41 -2.29 -4.21 -3.09 -0.37 1.06 0.24 -3.45 -0.41 1.97 3.92 -0.5 1.41 3.14 -0.41 2.82 2.63 1.29 -2.38 0.33 0.45 0.66 -1.54 0.07 -5.66
PID_NFKAPPAB_ATYPICAL_PATHWAY -4.91 -1.52 0.15 2.39 -2.55 0.69 1.3 1.4 -1.31 0.87 0.43 -1.03 -0.08 1.43 1.45 -1.95 -4.09 -1.76 -2.18 1.31 0.89 -1.33 -1.44 0.83 3.55 -1.28 2.7 1.41 -1.86 0.73 2.12 1.28 -1.57 3.35 1.98 3.12 0.09 0.22 -4.86
PID_IL4_2PATHWAY 2.45 -0.98 -1.24 5.49 4.01 4.79 -8.65 -3.57 -0.39 -2.19 -8.81 -2.66 -10.65 0.71 -1.28 0.95 4.08 3.93 -3.99 -1.81 9.34 3.53 -1.76 -4.28 -1.76 0.84 3.05 -4.39 -2.31 -5.75 -2.78 -2.56 6.42 4.24 1.55 0.64 5.57 6.18 4.04
PID_BETA_CATENIN_DEG_PATHWAY -3.42 -0.84 -0.61 -0.49 -1.49 1.38 5.96 -0.49 0.12 0.6 2.15 1.36 -1.27 -0.07 -0.43 -0.44 -2.34 -0.74 -0.58 2.73 -3.22 -0.1 -0.46 1.53 1.84 -0.15 -1.43 0.9 -0.59 2.14 1.4 3.06 -1.59 2.52 -0.34 0.21 -1.12 -1.33 -4.35
PID_HDAC_CLASSIII_PATHWAY -4.99 -2.74 -1.03 -0.94 -2.56 0.71 3.74 2.79 1.09 0.88 0.86 0.28 4.28 -0.55 -0.71 -1.83 -4.19 -2.75 -1.36 -0.08 -3.09 -1.77 -0.76 4.6 1.54 1.62 1.51 1.53 2.09 2.39 2.35 0.75 -1.79 0.23 -0.43 2.65 1.08 -0.11 -5.29
PID_GLYPICAN_1PATHWAY -0.58 1.4 0.59 -5.45 -1.92 -4.35 5.75 -0.04 1.13 0.66 3.51 2.42 6.48 -0.77 0.51 -0.99 -0.92 -1.66 2.65 2.07 -6.26 -1.42 0.85 2.22 1.3 0.71 -2.07 0.89 1.19 3.94 0.17 1.03 -3.04 -1.36 -0.8 -0.59 -1.61 -4.25 -1.41
PID_TCR_PATHWAY 3.09 -0.36 -0.83 3.01 3.92 4.58 -5.96 -2.69 0.65 -0.33 -7.24 -0.7 -8.65 -0.22 -1.5 1.81 4.87 3 -2.69 -3.28 6.58 3.29 0.11 -3.36 -2.41 0.73 0.94 -4.03 -1.25 -6.45 -0.45 -2.62 6.09 0.04 -0.08 -0.18 3.76 4.42 4.38
PID_IL27_PATHWAY -2.24 -0.05 1.58 -3.55 -3.72 -1.52 5.54 3.93 -0.61 0.83 4.7 1.04 5.29 -0.44 0.64 -1.31 -2.56 -2.22 3 1.71 -5.3 -3.88 0.78 3.63 3.03 -0.17 -1.14 2.94 2.39 3.16 2.12 0.29 -3.65 -2.51 -1.22 -0.23 -3.07 -4.76 -2.45
PID_NFKAPPAB_CANONICAL_PATHWAY -4.53 -2.4 -0.77 5.61 -2.75 0.05 0.82 2.36 -0.42 2.42 0.75 -2.09 1.76 2.08 1.73 -2.79 -3.89 -1.3 -2.55 -0.17 1.84 -1.91 -1.47 0.57 0.85 -1.18 3.11 1.56 -2.35 0.6 2.23 -0.13 -1.93 3.69 2.1 2.23 -0.11 1.52 -5.16
PID_E2F_PATHWAY -7.09 -1.45 1.05 -2.57 -6.53 -3.71 7.09 5.42 -0.85 3.7 4.11 0.68 8.87 -0.24 1.02 -4.09 -6.6 -3.71 0.44 0.4 -6.65 -5.06 -1.2 6.4 4.11 -0.08 0.87 5.12 1.21 4.77 4.81 0.95 -3.17 -0.09 0.74 2.22 -1.6 -1.51 -7.79
PID_ER_NONGENOMIC_PATHWAY -4.88 -3.11 -0.39 -1.05 -3.22 -1.19 3.76 1.95 -0.53 1.19 4.87 0.54 2.88 1.72 0.11 -1.69 -3.74 -2.68 -0.54 2.95 -2.82 -2.89 -1.44 1.66 3.67 -0.61 1.58 2.36 1.26 2.5 3.34 4.18 -3.74 3.01 1.04 -0.27 -2.12 -2.6 -5.07
PID_HIF2PATHWAY -4.09 -2.09 2.74 -1.31 -3.7 0.87 4.56 4.05 0.12 1.39 2.89 0.77 4.2 -2.34 -0.05 -2.23 -3.6 -3.51 2.33 3.06 -5.35 -2.35 0.83 3.73 2.3 0.58 0.88 3.1 0.65 1.31 1.84 1.49 -3.06 -1.73 -1.45 -0.17 -1.17 -0.8 -4.69
PID_CD40_PATHWAY -4.02 -1.04 0.91 -1.21 -3.13 -2.92 4.84 1.76 -0.11 0.63 4.69 0.14 5 0.86 2.42 -2.52 -3.85 -2.92 -0.13 2.2 -2.73 -1.84 -0.52 2.28 0.25 -1.27 0.04 3.5 0.48 2.92 3 3.15 -4.39 0.81 1.44 1.15 -2.85 -1.94 -5.1
PID_ATR_PATHWAY 3.26 -0.65 -1.34 4.25 3.7 4.02 -7.1 -3.41 1.27 -1.99 -3.92 -1.2 -7.03 -0.36 -0.87 1.94 4.48 2.59 -1.08 -1.42 6.35 3.67 0.97 -4.93 -1.71 0.38 -0.2 -3.29 -2.14 -4.89 -1.83 -2.08 5.17 -0.03 -0.42 -0.78 1.48 3.17 5.97
PID_MET_PATHWAY -8.07 -3.84 0.04 -1.09 -5.35 -1.77 7.33 5.28 -1.22 1.65 6.59 1.32 6.23 0.45 1.81 -2.69 -5.9 -5.34 -0.29 3.77 -3.36 -4.85 -0.91 4.38 3.91 -0.79 1.04 5.58 0.8 4.49 2.13 2.03 -6.26 0.11 0.96 2.11 -1.73 -0.65 -7.86
PID_PTP1B_PATHWAY 1.48 -0.89 -1.28 4.82 3.47 3.15 -9.46 -3.18 0.33 0.65 -6.11 -3.11 -7.4 0.52 -0.17 1 3.43 3.4 -3.76 -2.23 7.63 2.78 -1.27 -3.73 -2.21 -0.08 2.38 -3.6 -1.65 -3.52 -1.52 -2.05 5.2 1.49 1.7 1.75 3.77 5.02 3.25
PID_INTEGRIN3_PATHWAY 1.95 0.44 -0.41 3.18 3.29 3.91 -7.15 -3.83 -0.18 -1.46 -6.51 -1.81 -6.34 0.93 -0.67 2.18 3.92 3.29 -2.03 -1.47 6.49 1.15 0.51 -3.43 -1.98 0.05 1.59 -5.05 -1.97 -4.38 -1.53 -1.4 4.32 2.69 0.77 -0.53 3.83 4.05 3.58
PID_IL12_2PATHWAY -3.34 0.07 1.83 -4.26 -5.1 -4.04 8.02 4.41 -1.1 1.5 8.04 1.21 9.31 -0.38 2.25 -2.28 -4.24 -3.1 3.38 2.62 -7.29 -4.39 0.8 3.92 3.36 -1.03 -1.91 6.12 2.24 5 1.47 1.93 -6.3 -2.29 -1.01 0 -5.14 -4.98 -5.32
PID_S1P_S1P3_PATHWAY 4.9 2.62 -0.73 -1.75 3.49 -1.84 -2.36 -3.09 0.18 -2.3 -1.84 -0.15 -4.48 -0.5 -1.16 2.21 4.49 2.07 -0.24 -0.93 2.87 4.24 0.29 -2.62 -4.76 0.29 -1.74 -2.59 -0.15 -1.28 -2.22 -0.93 4.46 -0.56 -0.11 -0.69 1.31 -0.3 5.89
PID_LPA4_PATHWAY -0.92 -1.21 -1.82 0.12 -1.23 -1.35 2.26 1.98 -1.55 -0.39 6.16 -2.83 0.46 -1.44 0.65 -0.54 1.41 -1.35 -0.72 0.08 0.05 -0.57 -1.07 1.88 0.58 -0.1 -0.07 5.99 -0.76 0.14 0.03 0.19 -1.85 -0.87 0.74 0.14 -1.62 1.52 -2.14
PID_AR_PATHWAY 5.66 1.66 -0.4 4.56 4 2.82 -6.8 -1.14 0.19 -1.42 -3.63 -1.48 -6.12 -2.37 -1.36 2.49 3.9 3.34 0.92 -1.53 6.86 3.2 1.93 -3.69 -4.04 0.65 -0.16 -2.28 -2.15 -6.83 -2.71 -3 3.51 -4.06 -0.18 -1.35 1.03 3.64 6.33
PID_NFAT_TFPATHWAY 2.25 -0.67 -2.47 4.74 3.59 4.12 -8.31 -2.15 -0.54 -1.32 -5.89 -2.01 -8.53 1.47 -0.92 1.03 3.5 3.69 -2.76 -2.04 6.76 2.21 -1.77 -3.72 -2.15 0.23 1.56 -4.76 -1.54 -4.65 -1.41 -0.82 5.5 2.96 0.88 0.18 4.11 5.7 3.96
PID_EPHB_FWD_PATHWAY 7.44 4.08 1.06 -1.17 4.24 -0.16 -3.34 -3.49 0.11 -1.66 -3.01 0.95 -5.53 -1.16 -1.17 2.25 5.11 4.31 1.24 -2.36 0.79 3.97 1.13 -3.81 -3.44 0.89 -2.68 -3.09 -0.02 -2.91 -2.47 -2.11 3.85 -1.86 -0.67 -2.17 0.75 -1.18 7.31
PID_AVB3_OPN_PATHWAY 1.4 -0.48 -1.48 3.23 3.08 3.47 -5.19 -2.09 0.36 -0.25 -5.23 -1.59 -3.26 0.75 -0.12 -0.42 2.95 1.84 -2.11 -2.7 4.45 2.35 -0.63 -1.28 -1.85 1.22 1.53 -3.87 -0.49 -3.19 -1.78 -2.93 3.99 0.5 0.22 -0.23 3.22 3.45 3.18
PID_S1P_S1P4_PATHWAY -2.72 -1.12 -0.66 0.9 -1.9 0.35 0.92 2.95 0.33 1.1 0.08 0.24 6.22 1.01 0.52 -1.41 -1.86 -0.15 -1.14 -0.08 -2.09 -2.96 -0.81 1.54 3.14 0.28 1.38 0.24 -0.31 1.13 -0.2 -1.84 -2.19 0.14 -1.52 1.23 0.68 1.52 -2.95
PID_FRA_PATHWAY 0.18 1.79 2.61 -4.7 -3.61 -3.37 5.35 1.52 0.76 -0.23 4.94 2.09 5.78 -1.62 0.26 -0.41 -1.27 -1.58 2.81 0.51 -6.82 -2.74 1.51 2.34 0.91 0.53 -2.35 2.66 1.28 3.76 0.96 0.03 -1.74 -2.8 -1.47 -0.48 -1.93 -4.69 -0.78
PID_MYC_ACTIV_PATHWAY -7.88 -3.06 1.71 -0.45 -4.24 -2.28 7.26 4.31 -2.24 3.37 5.66 -0.99 6.2 0.31 1.15 -2.72 -6.07 -4.28 0.11 3.19 -4.81 -4.12 -0.56 4.41 2.7 -1.2 1.6 4.06 -0.57 3.77 4.17 2.07 -4.29 0.51 1.03 2.8 -0.71 -0.97 -8.95
PID_RHOA_REG_PATHWAY 5.7 2.13 0.14 -0.57 4.04 1.31 -3.25 -3.07 0.77 -1.06 -4.03 0.42 -2.48 -0.78 -0.28 2.02 3.34 3.12 1 -1.33 1.17 2.6 2.19 -2.51 -5.51 0.37 -0.75 -4.06 -0.01 -1.55 -2.79 -3.33 4.57 -3.92 -1.04 -1.75 1.74 0.17 7.3
PID_REELIN_PATHWAY 5.56 3.18 0.12 -1.45 3.53 1.34 -3.28 -3.76 0.77 -2.93 -3.1 0.99 -4.61 -0.7 -0.88 2.29 4.75 3.16 1.38 -1.46 1.77 3.29 2.84 -2.39 -3.85 0.01 -1.69 -2.83 -0.73 -3.03 -3.45 -0.58 3.04 -0.5 -0.92 -2.55 0.64 -0.34 6.39
PID_PS1_PATHWAY 6.09 2.81 0.41 0.55 4.33 -3.12 -5.23 -3.26 -0.96 -2.26 -4.15 -1.75 -3.8 1.62 0.26 1.93 4.45 3.36 -0.15 -2.1 4.35 3.05 0.04 -2.96 -4.26 0.29 -0.63 -2.75 -1.06 -2.57 -2.61 -2.22 3.93 0.5 0.89 -1.43 0.53 1.12 6.75
PID_NECTIN_PATHWAY -5.63 -3.94 -0.09 2.77 -1.74 2.89 1.68 1.82 1.58 0.55 1.04 0.32 1.93 -0.41 0.43 -1.24 -3.53 -2.15 -1.15 -0.65 0.72 -2.09 -1.16 2.5 4.65 1.49 1.85 2.07 0.98 -0.43 1.5 -0.77 -2 0.52 -0.33 0.89 -1.34 2.38 -5.92
PID_P38_ALPHA_BETA_PATHWAY 5.57 3.03 0.33 -2.49 2.81 -1.24 1.28 -2.12 0.44 -1.57 -0.04 2.26 -3.18 -0.24 -2.23 1.73 3.98 2.36 1.93 -0.79 -2.03 1.84 1.9 -0.25 -2.8 0.84 -3.17 -2.52 1.33 -1.13 -1.22 -2.02 1.39 -1.92 -2.07 -3.27 0.4 -2.29 5.17
PID_WNT_SIGNALING_PATHWAY 0.95 -0.9 -0.6 6.31 0.83 3.5 -5.49 -0.54 0.38 -0.64 -3.45 -2.03 -5.43 0.27 -0.43 -0.35 1.42 1.48 -2.07 -1.45 7.41 1.56 -0.77 -2.03 0.33 -0.18 1.77 -0.15 -0.68 -5.29 -1.27 -1 2.1 0.47 0.33 -0.55 -0.27 5.19 1.27
PID_TRAIL_PATHWAY 4.18 1.61 -0.51 -1.14 4.19 2.7 -3.34 -3.45 0.98 -0.89 -5.81 1.12 -5.08 -0.61 -1.67 1.79 3.49 3.11 -0.03 -2.68 2.07 3.63 0.55 -0.99 -1.72 1.59 -0.27 -4.57 0.4 -3.17 -1.47 -2.86 4.43 -0.64 -1.2 -1.57 2.17 0.23 5.42
PID_CDC42_PATHWAY -6.23 -2.61 0.58 -2.82 -4.79 -2.8 6.67 3.8 -0.08 1.65 5.19 1.58 8.46 1.26 1.06 -2.23 -5.24 -4.52 0.35 2.58 -5.93 -3.78 -0.19 3.81 3.21 -1.42 0.27 2.99 1.13 5.31 2.63 3.31 -5.39 1.76 -0.51 1.74 -2.13 -2.28 -6.39
PID_RET_PATHWAY -5.11 -2.7 -0.92 -1.81 -3.89 -1.63 5.51 4.44 1.55 1.29 6.15 2.72 5.23 -0.01 0.94 -2.07 -4.59 -3.1 -0.41 1.85 -3.26 -3.22 -0.5 3.54 1.89 0.94 -0.14 4.05 1.35 2.69 0.42 1.29 -4.85 -0.24 -0.42 0.4 -1.91 -0.66 -4.8
PID_CDC42_REG_PATHWAY 5.27 2.98 -0.24 -2.84 2.68 -0.84 -1.59 -1.93 1.12 -0.23 -0.99 0.28 -4.11 -1.32 0.53 2.87 4.43 2.1 1.98 -2.07 2.32 2.24 2.76 -2.89 -4.16 0.52 -2.32 -1.59 0.04 -1.85 -3.4 -2.34 2.14 -3.9 0.51 -2.52 0.69 0.03 5.65
PID_ATM_PATHWAY -5.3 -1.94 0.41 -1.32 -3.32 -0.21 6.21 2.32 0.18 0.62 4.25 -0.33 6.35 1.24 0.46 -2.37 -4.43 -2.63 -0.81 1.48 -4.43 -3.62 -1.07 2.55 2.63 -0.57 0.88 3.69 0.11 3.01 2 1.96 -3.62 1.19 -0.01 1.08 -0.8 -0.49 -5.34
PID_ARF6_PATHWAY 5.08 2.89 0.48 -4.76 2.87 -1.03 -3.78 -2.88 0.32 -2.03 -3.76 0.07 -2.58 0.03 -0.36 3.4 4.66 1.83 1.48 -0.14 0.59 3.17 1.87 -3.02 -4.1 0.88 -1.27 -5.56 -0.79 -0.03 -5.48 0.4 3.92 -0.72 0.38 0.49 2.97 -0.89 5.39
PID_LKB1_PATHWAY -7.02 -1.99 -0.7 3.28 -4.57 -1.55 3.51 4.37 -0.87 4.05 4.38 -0.54 8.14 0.43 1.82 -3.13 -5.05 -3.45 -0.6 0.96 -2.03 -3.66 -0.63 3.22 1.41 -0.6 1.6 4.3 0.57 2.56 3.4 0.21 -5.14 -0.73 0.38 0.69 -1.46 1.02 -6.59
PID_CD8_TCR_PATHWAY -2.75 0.27 1.04 -2.99 -3.72 -4.34 6.1 2.73 -0.33 -0.05 7.81 0.83 8.15 -0.19 1.32 -1.28 -4.51 -2.78 2.72 3.31 -7.12 -3.33 -0.13 3.12 2.29 -0.48 -1.44 4.71 1.49 4.97 0.02 2.58 -6.22 -0.32 0.03 -0.26 -3.76 -3.95 -3.54
PID_WNT_CANONICAL_PATHWAY -4.45 -1.76 -0.01 0.32 -3.2 1.69 4.15 0.97 -0.57 0.5 2.13 1.46 1.9 0.32 0.18 -1.02 -3.71 -1.54 0.03 2.08 -3.78 -2.01 -0.34 2.2 2.94 -0.15 -0.44 1.91 0.05 1.83 2.31 1.77 -2.42 1.64 0.2 0.3 -0.35 -0.48 -4.64
PID_TCPTP_PATHWAY 3.95 2.86 0.25 2.14 3.76 1.07 -6.57 -2.58 -0.64 -1.2 -4.64 -1.14 -3.52 -1.39 -1.09 1.07 3.79 3.84 -0.35 -1.92 3.73 3.48 1.92 -4.05 -3.01 -0.6 0.21 -3.09 -0.83 -3.91 -1.59 -2.65 3.9 -2.21 -0.1 -0.5 2.43 2.94 6.24
PID_ANGIOPOIETIN_RECEPTOR_PATHWAY -6.33 -1.78 1.26 1.36 -4.07 -1.29 5.16 2.03 -1.26 1.8 3.57 0.14 3.54 1.61 2.01 -3.26 -5.81 -3.61 0.18 3.35 -2.11 -2.39 -0.23 2.39 2.95 -2.44 1.4 1.58 -1.2 2.67 3.68 3.2 -4.62 4.21 2.17 1.53 -2.46 -0.91 -8.03
PID_FAS_PATHWAY -4.04 -1.6 1.32 0.11 -4.89 -2.33 4.05 3.05 -2.56 1.11 5.9 -1.88 6.47 -0.32 2.1 -1.59 -4.01 -3.32 0.56 3.11 -2.56 -4.19 -0.85 1.94 1.68 -2.25 0.44 5.68 -0.47 4 2.46 3.23 -4.64 0.37 1.47 1.29 -2.49 -0.97 -5.37
PID_TXA2PATHWAY -4.64 -1.59 1.18 -0.89 -5.23 -2.11 4.05 4.46 -1.22 2.22 4.2 -0.06 9.2 -0.04 1.33 -2.83 -5.03 -3.35 1.27 2.87 -3.76 -5.02 -0.02 3.21 4.2 -0.84 0.6 4.46 0.76 4.76 2.41 2.92 -5.6 -0.13 0.44 0.43 -3.11 -3.11 -6.38
PID_SHP2_PATHWAY 3.88 1.62 0.13 3.44 4.02 3.28 -7.4 -4.12 -0.86 0.36 -8.84 -3.05 -6.14 0.19 -0.45 2.05 3.52 3.52 -1.01 -4.05 4.93 2.56 1.62 -3.9 -3.65 -0.79 1.57 -5.09 -1.14 -2.88 -0.98 -2.98 5.46 0.6 1.02 0.8 4.1 3.29 5.37
PID_S1P_S1P1_PATHWAY -3.39 -2.57 -0.18 1.14 -2.07 1.07 1.07 2.43 -0.68 0.27 1.58 -0.25 6.01 0.21 1.05 -1.79 -2.66 -2.31 0.09 1.3 -1.91 -1.66 0.08 1.44 3.7 -0.07 2.08 1.29 -0.13 1.34 -0.7 -0.48 -3.03 0.9 -0.46 1.93 -0.71 0.41 -4.31
PID_TELOMERASE_PATHWAY -5.01 -1.05 0.5 -2.14 -4.87 -1.55 7.05 5.19 -0.49 1.64 3.87 1.43 7.52 0.59 0.64 -3.05 -5.56 -2.6 0.4 2.06 -6.77 -5.12 -0.48 2.88 4.63 -0.49 0.38 4.31 1.46 4.61 3.39 0.54 -4.06 1.17 -1.77 0.85 -2.04 -1.68 -6.39
PID_HNF3B_PATHWAY 2.7 -0.04 -1.72 5.94 4.48 3.37 -8.89 -2.99 0.04 -1.78 -6.27 -1.92 -7.61 0.68 -0.37 1.94 3.78 4.35 -3.28 -1.8 7.58 3.19 -0.74 -3.15 -2.61 0.2 1.6 -4.29 -2.53 -5.84 -2.05 -1.47 5.08 2.45 0.82 -0.32 3.39 4.06 4
PID_NETRIN_PATHWAY -5.29 -3.3 -0.36 -1.8 -3.03 -1.29 4.71 3.49 -0.48 -0.1 4.55 0.36 5.1 -0.48 0.67 -1.09 -1.99 -3.69 -0.29 2.43 -3.3 -2.66 -0.23 3.49 3.23 -0.18 0.79 2.69 0.83 1.93 1.72 2.11 -3.65 -0.4 -0.62 1.66 -0.77 0.45 -5.2
PID_IL1_PATHWAY -6.04 -2.95 0.5 4.86 -4.66 0.37 1.08 2.96 -2.29 1.58 1.63 -0.98 3.04 0.6 1.6 -2.03 -5.2 -2.72 -1.01 1.56 1.65 -3.54 -1.26 1 4.17 -1.59 3.06 1.91 -0.97 0.76 3.2 1.5 -3.49 2.38 1.82 1.29 -1.06 3.53 -6.25
PID_NFAT_3PATHWAY 7.07 2.65 -0.31 0.08 4.84 0.86 -4.8 -3.26 1.31 -2.54 -3.93 -0.08 -8.11 -1.59 -1.35 2.68 6.2 3.69 1.05 -2.66 4.03 3.99 0.84 -4.02 -4.51 0.58 -2.49 -1.87 -0.01 -4.65 -0.91 -3.84 4.99 -2.36 0.13 -2.63 1.03 0.91 8.99
PID_REG_GR_PATHWAY -6.78 -1.29 1.35 -3.36 -5.9 -3.73 10.29 4.1 -1.27 2.47 6.81 0.78 9.13 -0.38 2.33 -2.51 -5.72 -4.91 2.05 3.97 -7.84 -5.08 0.35 5.84 2.37 -1.19 0.33 5.61 1.24 5.3 2.86 3.99 -7.49 -0.79 0.34 1.89 -3.33 -4.18 -7.65
PID_INTEGRIN_A9B1_PATHWAY 0.97 1.98 -1.79 -5.13 -0.85 -3.16 3.1 -0.04 1.04 -0.71 2.43 2.21 4.74 -0.38 -0.69 1.44 -0.09 -0.05 0.29 -2.01 -3.95 -0.95 0.4 1.74 -1.18 1.16 -1.84 2.88 1.99 3.81 -0.75 0.31 -0.71 -2.38 -1.28 -2.23 -0.15 -2.86 2.67
PID_ARF6_DOWNSTREAM_PATHWAY -4.03 -2.51 -0.19 -0.14 -2.71 0.02 4.57 2.95 -1.22 -0.06 2.88 -0.49 3.91 -0.07 -0.5 -0.91 -2.14 -2.53 -0.24 2.13 -2.38 -1.94 0.3 2.5 0.82 -0.44 0.63 2.09 0.22 1.63 1.01 2.13 -3.21 0.18 -0.06 1.9 -0.32 0.92 -4.72
PID_MTOR_4PATHWAY -8.63 -3.39 -0.54 0.93 -6.03 -0.69 6.44 4.75 -0.45 1.43 5.65 -0.16 5.12 2.02 2.34 -3.33 -5.6 -3.94 -2.33 3.42 -1.99 -3.61 -1.64 3.31 2.76 -0.83 2.08 3.52 -0.91 1.88 2 3.45 -5.18 3.47 1.76 1.71 -1.6 1.24 -8.39
PID_IL2_1PATHWAY -4.94 -1.51 0.14 -4.12 -3.95 -4.73 6.9 3.19 -0.65 1.16 6.33 1.98 7.62 1.28 1.76 -1.53 -4.55 -4.51 1.75 4.17 -5.7 -3.03 0.16 3.04 2.05 -1.29 -0.66 3.14 1.36 5.34 1.71 4.6 -5.94 0.28 0.97 0.57 -3.18 -3.33 -5.88
PID_CXCR4_PATHWAY -8.84 -4.12 0.33 2.31 -6.07 0.39 1.88 6.47 -3.41 2.37 5.31 -3.58 6.72 0.03 3.25 -3.55 -6.36 -2.91 -0.71 2.02 1.18 -5.51 -0.49 2.55 4.98 -3.11 3.11 7.34 -0.71 1.66 2.77 2.62 -4.83 1.25 2.1 3.83 -2.49 1.86 -9.65
PID_IGF1_PATHWAY -5.61 -3.44 -0.56 4.42 -2.65 0.78 0.38 2.15 -1.26 2.5 0.48 0.03 2.13 1.55 1.15 -2.68 -4.26 -3.08 -2.32 1.71 1.85 -2.84 -0.54 1.63 0.76 -0.47 2.09 1.33 -0.85 1.26 1.88 1.6 -1.58 2.38 2.29 1.54 0.54 1.57 -5.84
PID_ERBB1_RECEPTOR_PROXIMAL_PATHWAY -5.33 -3.51 -2.09 0.73 -3.4 0.11 2.94 4.08 0.44 1.46 4.21 -0.72 3.71 0.71 1.53 -1.58 -3.03 -3.06 -1.68 0.7 -0.59 -3.03 -2.25 2.67 2.91 -0.05 1.11 2.97 0.33 2.75 1.05 1.74 -2.54 2.02 0.15 1.22 -0.63 0.4 -6.45
PID_TNF_PATHWAY 6.29 3.64 0.09 -3.63 4.94 0.67 -1.71 -2.05 0.84 -1.85 -2.45 1.02 -4.95 -2.93 -2.31 2.25 4.85 3.59 1.57 -1.39 -0.29 2.96 2.08 -1.12 -3.03 1.51 -2.39 -2.94 1.73 -3.11 -2.08 -2.45 4.14 -4.38 -1.79 -1.39 0.72 -0.94 6.27
PID_PLK1_PATHWAY 4.04 -0.19 -1.38 2.97 4.49 1.93 -9.22 -4.16 1.71 -1.85 -7.22 -0.51 -6.87 0.21 -0.32 2.24 4.47 3.27 -2.94 -1.98 7.18 4.08 -1.44 -4.39 -2.46 0.78 1.69 -4.96 -1.77 -5.81 -3.43 -1.55 5.64 2.42 1.26 0.19 4.05 3.43 6.37
PID_TCR_RAS_PATHWAY -3.57 -1.33 -0.87 -0.11 -2.77 -1.08 4.06 3.06 0.97 0.44 4.23 0.21 1.52 -0.74 0.97 -1.94 -2.19 -2 -0.04 1.72 -2.66 -2.51 -0.19 1.8 2.07 0.45 0.65 2.99 0.35 1.08 1.22 2.04 -2.8 -0.86 -0.21 0.46 -1.59 -0.31 -2.53
PID_IL5_PATHWAY -0.72 -0.5 -1.12 5.27 0.41 -0.47 -3.86 -0.62 -0.48 1.1 -1.69 -2.1 -3.46 -0.39 0.48 -0.87 0.21 1.01 -1.33 -1.26 4.94 0.69 -0.57 -2.12 -1.75 -0.46 2.62 0.19 -1.41 -2.11 0.1 -0.78 1.25 0.57 2.17 1.35 0.83 4.63 0.24
PID_FOXO_PATHWAY 7.09 3.12 0.45 1.04 4.59 0.43 -6.38 -3.37 -0.13 -1.57 -4.61 -0.36 -6.37 -0.14 -0.91 3 5.97 3.28 0.79 -2.35 4.71 2.89 0.71 -4.73 -2.22 0.54 -1.34 -2.53 -0.69 -4.54 -2.02 -3.43 4.02 -1.68 -0.71 -2.52 0.3 0.98 8.68
PID_THROMBIN_PAR4_PATHWAY -2.58 -0.86 0.62 -0.41 -3.28 -2.07 3.77 1.65 -1.53 1.47 3.9 0.25 4.23 -0.1 0.67 -0.91 -2.79 -2.06 1.08 0.79 -3.12 -3.12 0.1 2.19 1.95 -1.32 -0.38 3.26 1.03 3.94 2.53 1.65 -2.96 -0.41 0.87 -0.13 -2.65 -2.19 -3.04
PID_PI3KCI_PATHWAY -4.96 -0.38 0.48 -2.26 -5.02 -2.75 6.08 4.51 -0.78 1.35 4.8 0.01 7.48 -0.37 1.37 -1.99 -5.05 -2.45 1.28 2.83 -5.56 -4.66 -0.83 3.64 2.84 -0.54 -0.42 3.71 0.63 4.24 2.16 3.72 -4.58 0.25 0.54 1.61 -1.69 -3.38 -5.84
PID_AJDISS_2PATHWAY 6.09 2.95 0.55 1.82 4.21 0.9 -5.85 -4.65 -0.1 -2.02 -4.22 -1.07 -6.13 0.38 -0.23 2.48 3.87 3.42 0.27 -0.95 4.2 4.48 1.96 -5.54 -4.22 -0.54 -1.38 -4.34 -0.68 -3.25 -3.57 -0.52 4.23 -0.19 1.27 -2.06 0.7 1.3 6.46
PID_IL2_PI3K_PATHWAY -3.19 0.13 0.57 -3.93 -3.15 -2.16 3.86 3.13 -1.02 1.35 4.76 1.96 7.63 -0.32 1.62 -1.24 -2.93 -2.4 2.18 3.22 -4.43 -2.55 0.38 1.91 1.07 -0.88 -1.23 1.92 1.46 3.66 0.07 0.9 -3.11 -1.29 -0.24 0.64 -1.39 -2.93 -4.03
PID_CERAMIDE_PATHWAY 6.47 3.06 -0.75 0.04 4.87 2 -4.61 -4.34 1.32 -2.26 -5.23 0.46 -5.88 -0.07 -2.09 2.5 5.29 5.01 -0.14 -2.83 3.37 3.95 -0.37 -2.72 -1.92 1.15 -1.66 -4.87 -0.6 -4.06 -1.77 -2.53 4.89 0.18 -1.03 -2.39 1.64 -0.22 6.13
PID_P53_DOWNSTREAM_PATHWAY -8.31 -1.09 0.91 -1.46 -7.22 -4.32 8.55 4.71 -1.18 3.44 7.08 0.88 10.66 -0.4 2.04 -4.01 -7.77 -4.64 1.1 3.95 -8.03 -5.32 -0.77 5.9 4.4 -0.86 0.47 7 1.03 6.62 4.51 4.07 -7.27 -0.2 1.18 1.98 -3.14 -4.67 -9.86
PID_P75_NTR_PATHWAY 7.15 2.38 -0.47 1.33 5.92 0.58 -5.8 -3.89 1.67 -2.09 -6.17 0.21 -8.23 -1.29 -1.56 3.09 6.28 3.79 0.44 -2.94 4.04 4.63 2.02 -4.11 -3.43 1.99 -2.39 -4.63 0.23 -5.82 -1.47 -3.54 5.9 -3.12 -1.07 -1.64 3.21 0.6 8.22
PID_S1P_META_PATHWAY 2.95 0.84 -0.75 -0.65 2.49 1.79 0.34 -1.39 2.33 -0.89 -1.21 0.57 -4.59 -1.4 -1.63 0.87 2.72 1.14 -0.32 -2.17 2.18 2.1 0.45 -0.11 -2.11 2.78 -0.6 -0.09 0.07 -2.9 -1.11 -2.36 2.69 -3.67 -1.61 -1.94 0.91 0.24 4.03
PID_ECADHERIN_NASCENT_AJ_PATHWAY -6.93 -5.68 -0.95 2.15 -2.14 1.31 2.41 3.77 0.57 0.81 0.84 -0.53 1.19 0.21 0.04 -1.55 -3.55 -3.53 -3.2 0.84 2.04 -1.21 -2.94 3.38 4.69 0.74 2.36 2.93 -0.21 -0.47 2.32 0.63 -1.06 1.43 0.02 2.64 0.14 3.03 -6.57
PID_INTEGRIN4_PATHWAY -0.14 1.22 1.31 -2.86 -1.41 -3.4 4.18 1.19 0.16 -0.18 4.02 1.74 3.24 -1.28 0.68 -0.92 -1.29 -0.89 1.68 -0.36 -3.2 -1.27 0.29 2.72 1.43 0.7 -0.94 2.47 1.73 1.56 0.69 0.16 -2.7 -2.62 -1.04 -0.94 -1.8 -2.89 -1
PID_AMB2_NEUTROPHILS_PATHWAY 5.98 1.64 -1.44 -1.66 5.19 1.53 -2.84 -4.29 1.73 -1.55 -4.48 1.26 -4.14 0.84 -1.54 0.98 5.01 2.32 -1.25 -1.52 1.46 3.69 -0.46 -1.87 -3.89 1.62 -1.23 -5.37 0.66 -1.89 -2.24 -0.97 3.94 -1.36 -1.79 -3.19 3.37 1.01 6.77
PID_AVB3_INTEGRIN_PATHWAY -3.82 -0.9 1.27 -4.98 -4.69 -2.62 8.98 4.22 -1.01 2.07 7.84 1.32 8.83 -1.11 0.62 -2.54 -4.59 -4.25 3.13 2.58 -7.7 -4.13 1.02 4.04 2.84 -0.53 -1.14 6.54 1.64 5.66 2.68 2.39 -6.31 -2.05 -1.26 -0.06 -4.02 -4.01 -5.96
PID_IFNG_PATHWAY -7.21 -4.04 -0.47 4.17 -3.87 -0.98 3.71 4.17 -1.87 1.37 4.27 -2.01 1.25 -0.24 1.79 -2.93 -4.9 -2.07 -1.58 1.26 0.27 -3.72 -1.21 2.93 3.08 -0.15 2.72 6.45 0.02 0.26 3.24 -0.51 -3.72 -0.35 1.73 2.38 -0.5 3.3 -6.03
PID_LIS1_PATHWAY -6.94 -4.6 -2.11 1.09 -3.86 1.23 2.94 4.12 -0.92 2.52 3.53 -0.24 4.47 1.38 1.66 -2.84 -3.69 -3.16 -3.57 1.62 -0.07 -3.21 -2.54 2.21 4.1 -0.09 2.8 2.65 -0.06 2.55 0.18 0.33 -2.37 2.25 1.5 2.63 0.15 1.62 -7.26
PID_ERBB1_DOWNSTREAM_PATHWAY -9.63 -4.23 -0.05 -2.09 -6.09 -0.56 8.56 4.96 -0.27 0.96 7.16 0.56 7.51 2.12 2.11 -2.95 -7.43 -5.36 -0.58 4.51 -5.76 -4.51 -1.17 4.39 3.69 -1.58 0.85 4.35 0.74 5.86 2.15 4.95 -6.66 3.8 1.52 2.28 -2.77 -1.32 -10.01
PID_SYNDECAN_4_PATHWAY 1.65 -0.57 -1.79 3.35 2.51 2.11 -5.68 -0.82 -0.42 -0.02 -5.41 -1.64 -3.71 0.77 -0.34 0.69 2.42 1.92 -1.52 -0.26 5.97 1.46 -0.51 -2.42 -2.06 -0.33 1.51 -2.61 -1.26 -3.99 -1.29 -0.21 3.07 1.35 -0.77 0.62 3.51 2.81 1.91
PID_ATF2_PATHWAY 4.71 1.53 -1.42 4.29 5.03 2.87 -8.38 -3.29 -0.1 -1.41 -5.29 -2.32 -6.84 0.61 -1.16 2.15 4.53 3.56 -1.31 -2.35 7.62 4.83 -0.29 -4.24 -2.91 -0.12 0.26 -4.29 -2.53 -5.71 -1.58 -3.46 3.95 1.5 0.96 -0.92 2.46 3.55 5.51
PID_AP1_PATHWAY 2.19 -0.97 -1.88 6.66 5.14 4.01 -9.76 -3.71 -0.85 -1.09 -6.82 -2.85 -7.91 1.03 -1.52 1.5 3.81 3.22 -2.9 -1.83 9.39 4.53 -1.09 -5.17 -2.94 -0.55 2.72 -4.87 -2.76 -5.75 -2.63 -0.78 5.26 3.81 1.82 0.14 3.74 5.94 3.72
PID_UPA_UPAR_PATHWAY 2.33 -0.51 -1.98 3.76 4.23 3.59 -7.82 -2.28 0.59 -2.93 -6.76 -2.4 -6.57 0.97 -1.27 2.85 3.92 3.28 -3.26 -1.91 6.79 2.58 -0.93 -4.08 -2.37 0.8 1.52 -4.79 -1.17 -5.15 -2.2 -0.46 4.91 2.11 0.34 0.1 5.17 4.89 4.13
PID_ERBB2_ERBB3_PATHWAY -6.6 -3.44 -1.58 -1.38 -4.3 -0.9 5.9 4.62 -0.59 0.58 6.56 -0.18 4.9 2.02 1.98 -2.07 -3.77 -3.93 -0.51 2.72 -3.46 -3.77 -0.86 3.44 1.23 -0.3 0.62 4.31 0.53 4.08 0.47 4.02 -4.65 1.41 0.99 1.61 -2.11 -1.1 -6.51
PID_FOXM1_PATHWAY -2.64 0.18 1.65 -3.93 -3.77 -3.23 7.94 3.45 -1.29 1.24 5.95 1.43 7.16 -1.65 0.71 -1.87 -4.18 -3.3 2.26 1.82 -7.58 -3.55 1.14 5.16 2.76 0.28 -1.61 3.61 1.99 5.06 2.93 0.84 -4.38 -2.41 -1.15 0.86 -3.23 -3.96 -4.69
PID_EPHA_FWDPATHWAY -3.35 0.81 1.14 -2.41 -3.39 -2.41 6.04 3.43 -0.18 1.48 4.5 0.82 6.63 -0.57 0.65 -1.63 -3.51 -2.92 2.22 2.44 -5.51 -3.33 0.06 3.19 2.42 -0.44 -1.76 3.31 1.18 3.85 1.63 1.93 -4.65 -1.91 -0.78 0.75 -2.9 -3.28 -3.55
PID_HIF1A_PATHWAY 1.77 0.08 -1.37 2.99 1.77 -0.87 -3.8 -2.94 -0.28 -0.14 -2.46 -1.07 -3.08 0.89 -0.57 0.79 2.17 0.77 -1.42 -0.63 2.54 1.89 -0.72 -2.48 0.06 0.54 0.89 -2.6 -1.28 -1.09 0.1 -0.71 2.84 1.29 1.31 0.19 1.38 1.16 2.05
PID_BMP_PATHWAY 3.36 0.1 -1.28 4.58 3.64 0.82 -5.25 -1.84 0.12 -0.3 -3.11 -1.53 -5.1 -0.49 -0.55 1.7 3.14 2.72 -1.04 -2.26 5.84 2.53 -1.89 -2.42 -2.32 0.53 0.63 -2.73 -2.7 -4.34 -1.48 -1.9 3.17 -0.02 0.49 -0.06 2.54 2.74 3.96
PID_IL3_PATHWAY -4.88 -1.02 -0.45 5.64 -1.63 1.7 1.04 1.36 -1.17 3.17 0.1 -1.22 0.14 1.44 1.42 -2.62 -5.15 -1.15 -1.98 0.54 1.5 -2.59 -1.68 1.32 1.19 -0.97 2.48 1.34 -1.72 0.7 3.78 1.53 -2.47 2.48 1.92 0.66 -1.85 2.66 -5.53
PID_IL6_7_PATHWAY 7.05 2.87 0.72 -7.13 0.39 -2.27 2.94 -0.8 2.97 -2.36 1.84 3.23 2.1 -1.93 -3.4 3.24 4.29 1.69 3.11 0.16 -5.45 -0.84 1.9 -0.18 -2.17 1.88 -4.53 -2.25 2.22 0.9 -1.72 -1 1.06 -3.8 -4.49 -3.3 1.55 -4.52 6.03
PID_ECADHERIN_KERATINOCYTE_PATHWAY 0.73 1.9 -0.01 -1.77 -1.57 0.49 2.14 1.48 1 -0.12 2.81 3.25 3.64 -0.41 -0.98 -0.44 -1.11 1.41 1.67 -0.34 -3.67 -2.23 0.95 0.07 5.54 -0.08 -1.72 0.23 1.29 -0.3 0.44 -0.9 -2.84 -0.87 -3.17 -1.98 -2.29 -1.66 -0.58
PID_ALK1_PATHWAY -0.53 1.85 0.32 -4.12 -2.72 -2.3 5.33 1.79 0.37 0.62 3.99 1.16 6.08 -1.41 -0.88 -1.02 -0.92 -1.19 3.53 1.91 -7.12 -2.16 3.02 1.73 -0.27 0.23 -1.29 1.06 2.02 3.96 0.72 0.36 -3.13 -3.96 -2.29 -0.67 -1.94 -2.03 -0.1
PID_PDGFRB_PATHWAY -11.19 -5.13 -0.32 1.91 -7.46 -0.11 6.81 6.3 -0.91 2.08 6.88 -0.94 7.27 2.06 3.09 -4.7 -9.5 -5.93 -1.28 3.89 -3.2 -5.44 -2.05 4.09 6.02 -1.97 2.97 5.71 -0.38 4.46 2.77 5.69 -7.46 5.16 3.12 3.16 -3.16 0.15 -12.46
PID_TRKR_PATHWAY 8.25 4.82 1.9 -0.64 3.68 0.17 -4.1 -4.2 -1.55 -0.94 -4.03 -0.25 -5.31 -2.69 -0.99 1.66 4.46 3.75 3.17 -2.26 0.94 3.65 3.24 -3.25 -3.04 -0.95 -1.78 -3.58 -0.06 -3.45 -0.54 -3.09 3.74 -3.44 -1.04 -2.17 1.79 -1.11 9.22
PID_TCR_JNK_PATHWAY 0.4 -0.01 -0.93 2.26 1.71 3.55 -3.42 -0.62 -0.43 -0.6 -3.9 -1.7 -3.69 0.09 -0.77 0.57 1.88 2.73 -1.85 -1.96 4.05 0.57 0.16 -1.1 0.16 0.53 1.18 -0.86 -0.79 -3.95 -0.41 -2.52 3.24 -0.51 -0.18 -0.83 2.84 2.61 2.5
PID_NEPHRIN_NEPH1_PATHWAY 4.9 3.45 -0.08 0.15 3.79 0.07 -3.03 -3.62 1.91 -0.5 -3.74 1.38 -6 -0.22 -0.97 1.46 3.26 3.99 0.19 -1.94 1.65 4.11 0.25 -2.58 -2.44 1.44 -1.66 -4.04 -0.42 -4.3 -1.21 -2.14 2.6 -0.54 -0.67 -1.9 1.4 0.53 5.52
PID_IL23_PATHWAY 2.51 -0.3 -1.66 4.36 3.84 2.92 -6.82 -3.56 0.83 -0.84 -5.89 -1.37 -7.05 -0.03 -1.01 1.63 3.25 2.93 -2.68 -1.67 6.51 4.39 -0.9 -3.11 -3.12 0.34 1.65 -3.83 -1.86 -3.59 -2.05 -4.13 4.46 3.5 0.79 -0.35 3.68 4.77 3.48
PID_HIV_NEF_PATHWAY -3.02 -0.03 1.87 -1.14 -4.4 -3.01 4.74 3.82 -0.96 1.55 4.5 0.19 7.09 0.24 1.12 -2.94 -4.89 -2.18 0.39 0.51 -5.32 -3.29 -0.75 2.73 2.5 -1.9 0.18 4.61 0.51 4.32 2.91 1.39 -5.02 2.08 0.55 0.45 -2.19 -2.05 -5.15
PID_SYNDECAN_1_PATHWAY -2.82 0.28 1.25 -4.59 -4.68 -2.57 7.99 4.22 -0.76 1.61 6.2 1.73 7.75 -1.65 1.1 -3.13 -3.89 -3.28 2.96 1.94 -7.44 -4.03 1.29 4.96 3.47 -0.06 -1.01 5.85 2.36 4.2 2.99 1.69 -5.98 -2.74 -1.27 -0.52 -4.15 -4.24 -4.98
PID_P38_MK2_PATHWAY -5.25 -1.06 0.44 2.28 -3.42 0.63 1.18 2.34 -0.62 2.17 -0.12 -1.04 6.17 2.47 2.74 -2.88 -4.51 -1.93 -1.94 0.96 -1.96 -2.61 -0.83 1.12 1.44 -1.29 1.73 0 -1.52 3.26 1.57 1.69 -2.81 3.8 1.13 0.9 -0.6 1.76 -5.38
PID_ERBB_NETWORK_PATHWAY 1.85 0.54 -0.07 2.33 2.62 0.31 -4.48 -2.36 0.32 -0.05 -3.8 -2.44 -3.71 0.92 -0.53 1.36 2.24 1.65 -0.9 -0.05 3.78 1.96 0.56 -2.44 -2.24 -0.97 1.07 -4.18 -2.09 -2.26 -2.38 -0.09 2.45 1.16 1.49 0.43 2.7 2.67 2.59
PID_ALK2_PATHWAY -0.6 1.59 0.76 -3.71 -1.75 -0.62 4.68 0.95 -0.44 0.56 4.36 0.92 3.28 -0.75 -0.38 -0.34 -1.59 -1.32 2.11 1.07 -5.16 -1.65 2.15 1.74 0.35 -0.44 -1.01 1.56 1.44 3.72 0.3 1.54 -3.32 -2.81 -1.46 -0.3 -2.15 -1.96 -1.33
PID_PDGFRA_PATHWAY -1.07 -0.5 0.53 -3.65 -1.45 -1.36 6.15 1.41 0.77 -0.77 4.31 1.9 2.66 -0.15 -0.87 0.06 -0.56 -1.6 2.22 3.24 -5.59 -0.74 0.68 1.89 0.19 0.33 -3.06 0.43 0.95 1.77 1.28 2.31 -3.22 -0.26 -0.89 -0.61 -2 -2.43 -2.29
PID_IL8_CXCR2_PATHWAY -5.07 -1.28 0.25 0.17 -4.2 -1.21 5.62 3.27 -1.45 1.48 5.86 -1.23 4.06 -0.2 1.84 -2.29 -3.9 -1.66 0.33 2.27 -2.19 -3.58 -0.28 1.55 2.15 -1.32 1.04 4.46 -0.18 1.99 2.8 2.83 -4.84 0 1.27 0.74 -2.83 -0.62 -5.64
PID_HEDGEHOG_2PATHWAY 1.99 -0.4 -1.02 3.1 3.5 2.4 -5.47 -2.89 0.65 -2.31 -3.31 -1.11 -6.03 0.19 -0.21 1.07 3.46 2.18 -2.92 -1.56 5.14 2.94 -1.81 -2.39 -2.01 0.25 0.63 -1.61 -1.39 -3.52 -3.33 -0.73 4.14 1.27 1.35 0.16 2.13 3.65 3.8
PID_AR_NONGENOMIC_PATHWAY -4.81 -1.92 0.54 -1.55 -3.84 -0.59 4.31 4.45 -1 0 4.22 0.75 5.56 -0.46 0.37 -1.7 -3.24 -2.01 0.7 3.88 -3.23 -3.66 1.08 2 3.09 -1.26 1.16 2.34 0.5 1.29 1.3 1.67 -4.39 -0.71 -0.47 0.85 -1.23 -0.19 -3.79
PID_ERBB1_INTERNALIZATION_PATHWAY -5.69 -2.45 -1.6 -1.9 -4.15 -0.48 4.27 3.29 -0.87 0.6 5.6 -0.79 5.07 2.57 1.09 -1.91 -4.23 -3.72 -0.85 2.39 -2.74 -3.4 -2.01 2.75 2.09 -0.89 0.91 3.21 -0.91 5 0.68 4.31 -3.72 4.02 1.92 2.46 -1.31 -1.75 -6.83
PID_HEDGEHOG_GLI_PATHWAY 5.9 2.25 2.12 0.7 3.46 0.96 -4.67 -3.22 -2.06 -2.08 -2.98 -1.3 -7.27 -1.65 -0.08 1.63 4.14 1.76 1.1 -1.19 3.68 3.26 2.28 -3.59 -3.43 -1.36 -0.11 -1.55 -0.61 -3.41 -1.81 -0.42 3.69 -1.52 1.32 -1.27 1.14 0.22 5.99
PID_CASPASE_PATHWAY -4.3 -0.86 1.46 -0.8 -5.86 -3.34 5.62 3.87 -0.17 2.56 5.01 0.77 7.72 0.83 1.74 -2.82 -5.59 -3.55 0.58 0.94 -5 -3.66 -1.21 2.77 4.12 -1.4 -0.13 4.26 0.88 5.46 3.03 0.96 -4.99 1.87 0.66 0.06 -2.77 -2.71 -6.01
PID_CXCR3_PATHWAY -6.84 -2.59 -1.15 1.03 -4.54 -1.91 3.53 4.42 -1.68 1.42 5.68 -1.29 6.85 0.4 3.33 -2.18 -4.05 -2.12 -0.74 1.6 -0.36 -4.13 -0.64 1.84 2 -2.25 1.25 4.77 -0.54 3.64 0.96 2.27 -5 0.76 1.2 1.54 -2.07 1.48 -5.9
PID_BETA_CATENIN_NUC_PATHWAY 5.7 -0.18 -2.05 4.01 5.16 2.72 -9.27 -3.92 0.4 -1.31 -5.82 -1.8 -8.75 -0.37 -2.12 3 5.62 3.44 -2.59 -2.84 7.81 4.01 -0.7 -4.27 -3.63 1.05 1.27 -2.19 -0.69 -5.36 -1.89 -3.89 5.93 0.68 0.51 -1.81 2.6 3.86 7.7
PID_VEGFR1_PATHWAY -5.1 -1.52 0.09 -0.13 -3.21 1.22 4.61 4.35 0.45 0.87 4.37 -0.81 3.19 0.42 0.2 -2.27 -4.32 -0.68 0.48 3.14 -3.04 -4.31 0.25 2.32 2.02 0.13 0.5 3.84 -0.51 0.78 2.13 1.15 -4.43 -0.1 -0.92 -0.11 -1.47 -0.04 -3.54
PID_SMAD2_3PATHWAY -2.27 -1.12 0.08 -2.42 -2.45 -1.33 2.85 1.18 0.66 0.07 1.79 1.09 3.07 1.04 -0.41 -1.18 -2.05 -2.3 -0.75 1.67 -3.58 -1.42 -0.93 2.46 3.81 -0.03 0.79 1.74 0.87 2.17 0.42 2.89 -1.92 1.03 0.01 0.78 -0.28 -1.91 -4.1
PID_P38_ALPHA_BETA_DOWNSTREAM_PATHWAY -6.05 -1.61 -0.36 4.84 -3.11 0.62 1.36 1.8 -2.35 1.87 2.35 -2.79 1.25 2.01 1.93 -2.11 -4.71 -2.36 -1.54 0.55 2.07 -1.76 -2.02 1.07 4.08 -2.39 3.26 1.53 -3.13 1.89 1.63 1.4 -2.52 3.07 2.61 2.44 -0.31 1.72 -6.2
PID_KIT_PATHWAY -3.57 -0.15 1 -4.82 -3.51 -3.12 6.11 4.66 0.01 0.88 7.17 2.7 6.5 -0.5 0.89 -1.01 -3.93 -3.54 2.54 2.9 -6.83 -2.59 1.37 3.34 -0.61 0.47 -1.4 2.82 1.83 5.04 0.1 2.75 -5.19 -2.05 -1.36 0.5 -3.1 -3.22 -3.11
PID_ECADHERIN_STABILIZATION_PATHWAY -5.48 -2.92 -1.05 2.3 -3.25 0.15 3.22 5.13 -0.6 2.19 3.77 -0.53 3.54 -1.24 1.36 -2.93 -3.45 -1.96 -0.54 0.56 -0.31 -2.99 -0.31 4.23 4.07 -0.87 1.46 3.86 0.2 1.18 2.78 -1.09 -3.04 -0.7 -1.03 -0.25 -1.93 1.49 -5.04
PID_EPO_PATHWAY -2.55 -0.62 0 7.17 -0.51 2.43 -2.05 1.19 -1.96 -0.18 -0.91 -2.59 -5.94 -1.24 1.36 -1.13 -1.95 1.9 -1.65 -0.52 5.16 -1.28 -0.28 -1.57 2.36 -1.02 2.01 2.4 -2.89 -3.67 1.61 0.94 0.46 1.38 2.35 0.16 -0.53 4.13 -1.97
PID_IL2_STAT5_PATHWAY -1.15 0.34 1.27 -4.02 -3.1 -3.72 5.53 2.07 -0.32 1.22 5.09 2 7.62 -0.29 0.86 -0.78 -2.47 -2.79 2.34 2.65 -6.16 -1.68 0.68 3.03 1.79 -0.93 -2.6 1.77 1.33 3.82 1.63 1.77 -4 -1.23 0.06 0.1 -3.54 -3.97 -4.22
PID_TCR_CALCIUM_PATHWAY -2.71 -0.14 0.87 -2.65 -3.99 -2.26 6.88 2.41 0.22 1.64 4.92 1.26 7.31 -0.11 1.07 -1.29 -3.81 -2.9 1.41 2.62 -5.7 -2.25 0.15 2.91 1.92 -0.36 -0.45 2.55 1.07 4.72 1.04 1.33 -4.64 -0.26 -1.27 0.34 -3.36 -3.24 -5.28
PID_DELTA_NP63_PATHWAY 3.17 -0.2 -1.58 4.12 3.93 4.21 -7.11 -3.11 1.56 -2.21 -5.89 -1.64 -9.12 0.23 -2.21 1.56 4.29 3.49 -2.52 -1.58 6.57 3.4 -0.77 -2.83 -2.78 0.37 1.35 -3.46 -1.35 -6.56 -2.34 -1.26 5.72 2.47 -0.54 -0.37 3.56 3.68 5.73
PID_VEGFR1_2_PATHWAY -8.98 -3.98 0.79 4 -6.17 0.2 4.41 4.65 0.01 1.81 4 -1.05 5.37 -0.21 1.24 -2.91 -6.36 -4.81 -0.46 4.08 -1.95 -4.66 -0.59 3.56 3.82 0.37 2.3 4.61 -0.13 2.7 3.84 1.53 -5.05 -0.09 1.28 1.88 -1.05 0.73 -8.71
PID_THROMBIN_PAR1_PATHWAY 3.92 1.77 -0.52 1.9 3.76 1.59 -4.56 -4.61 0.52 -2.31 -3.74 -0.83 -8.23 -0.63 -0.67 1.95 3.78 2.8 -0.62 -0.78 4.1 4.71 0.56 -2.94 -3.15 1.16 -0.59 -3.49 -0.91 -4.07 -3.54 -0.61 4.85 0.31 0.91 0.09 2.4 1.13 4.62
PID_A6B1_A6B4_INTEGRIN_PATHWAY 4.37 0.52 -1.33 3.24 5.02 1.01 -5.62 -3.75 -0.12 -0.97 -4.8 -2.33 -6.72 -0.26 -0.83 2.33 4.6 2.53 -2.29 -2.03 5.12 4.04 -0.39 -4.07 -5.34 0.8 0.63 -2.42 -1.15 -3.47 -1.13 -2.06 4.65 0.05 0.88 0.04 3.08 2.51 5.66
PID_SYNDECAN_2_PATHWAY -3.65 -0.97 1 -2.02 -3.63 -2.35 7.1 2.16 0.08 0.71 6.14 1.86 4.15 -1.5 2.61 -0.43 -3.49 -2.99 0.88 1.63 -5.38 -2.48 0.3 3.48 1.1 -0.09 -0.46 3.84 1 2.91 2.04 1.62 -5.73 -0.64 0.79 0.12 -2.5 -3 -4.19
PID_RAC1_REG_PATHWAY -6.63 -3.41 -0.43 2.74 -2.79 0.06 2.34 2.81 -0.17 0.44 2.19 0.03 2.49 0.44 -0.46 -2.28 -4.54 -2.93 -1.78 1.56 -0.73 -1.64 -3.16 2.73 5 0.5 2.5 3.29 0.36 1.31 2.68 2.94 -3.35 2.93 0.34 2.17 -1.04 0.61 -7.09
PID_AURORA_A_PATHWAY 3.6 0.02 -1.09 3.37 3.31 2.12 -6.5 -2.79 0.28 -0.9 -6.23 -0.98 -4.62 0.04 -0.6 1.12 3.43 2.15 -1.24 -1.75 5.34 3.11 -0.04 -3.79 -1.78 -0.55 1.01 -3.67 -2.1 -4.04 -1.45 -1.49 3.26 1.6 0.83 -0.79 3.03 3.59 5.21
PID_ARF_3PATHWAY 5.55 1.92 -0.79 -0.93 3.63 0.13 -1.98 -3.98 3.14 -1.17 -2.41 0.81 -3.51 0.46 -1.14 1.13 1.87 2.46 -0.86 -2.74 3.01 3.32 -2.28 -1.91 -0.73 0.83 -0.97 -1.72 -0.25 -2.03 -1.77 -1.35 2.46 1.62 0.34 -1.63 -0.27 -2.11 3.86
PID_INSULIN_GLUCOSE_PATHWAY -3.99 0.02 1.1 -1.73 -3.89 -1.2 6.22 3.84 -0.14 2.17 3.99 0.95 7.04 0.58 1.27 -2.15 -4.46 -2.03 0.61 1.54 -5.08 -3.54 0.05 2.73 1.74 -0.57 0.06 1.65 1.09 4.19 1.17 0.87 -5.29 -0.81 -0.9 0.37 -1.71 -1.9 -3.85
PID_PI3KCI_AKT_PATHWAY -5.68 -0.87 -0.32 -0.22 -3.09 0.52 3.51 3.13 -0.74 3.26 1.9 0.29 7.36 1.53 2.02 -2.23 -5.43 -1.61 -1.07 1.73 -4.02 -2.42 -0.96 2.26 1.01 -1.98 1.28 0.89 0.58 4.76 0.51 1.88 -4.23 1.69 0.23 1.56 -0.72 0 -6.32
PID_SYNDECAN_3_PATHWAY 1.04 0.45 -1.68 -2.12 -1.73 -1.87 4.83 1.64 1.67 -1.27 4.27 4.25 3.18 -1.7 -0.56 -0.92 0.01 0.71 1.18 -0.96 -4.42 -1.29 -0.8 2.23 4.38 0.07 -3.34 1.98 2.19 -1.15 2.64 -0.48 -1.72 -0.59 -1.14 -2.93 -3.51 -1.91 -0.63
PID_IL8_CXCR1_PATHWAY -2.47 -0.27 0.6 -3.81 -2.69 -2.17 6.5 2.11 0.13 1.36 5.31 1.06 6.61 0.43 1.03 -1.45 -3.12 -2.23 1.02 1.28 -4.53 -2.69 0.28 2.25 1.21 -0.39 -0.34 2.74 0.81 3.31 1.92 1.55 -4.73 -0.92 -0.7 0.54 -3.31 -3.1 -3.14
PID_MYC_REPRESS_PATHWAY 5.17 0.7 -1.08 3.35 4.24 1.61 -5.14 -4.44 -0.31 -2.38 -4.88 -1.57 -8.59 0.52 -1.15 3.17 4.67 3.47 -0.58 -1.5 7.4 3.4 0.56 -3.61 -3.44 -0.1 -0.48 -3.87 -2.43 -4.97 -2.76 -0.59 2.59 1.12 0.76 -0.82 2.46 3.1 6.41
PID_HIF1_TFPATHWAY -3.57 -0.5 2.24 -4.28 -4.62 -1.48 7.47 3.62 1.52 0.26 7.26 1.51 7.08 -1.83 0.48 -1.95 -3.69 -3.68 2.05 2.79 -8.06 -2.58 -0.84 5.17 2.83 0.94 -2.26 4.89 1.82 4.08 0.46 3.53 -4.24 -2 -1.32 -0.36 -2.95 -4.72 -5.03
PID_TAP63_PATHWAY 2.86 -0.13 -2.21 3.93 3.71 3.95 -8.05 -2.89 1.43 -0.62 -5.69 -1.6 -7.12 -0.22 -1.3 0.44 4.6 3.05 -1.86 -4.29 7.42 2.84 -0.03 -2.73 -3.42 1.08 2 -3.5 -0.61 -6.1 -1.39 -3.38 4.8 0.81 0.49 -0.35 3.46 6.02 4.61
PID_EPHRINB_REV_PATHWAY -0.21 1.16 0.93 -5.58 -1.98 -4.62 5.83 0.72 -0.06 0.68 5.04 2.84 5.92 -0.16 0.55 -0.61 -1.13 -2.2 3.53 2.67 -6.19 -0.11 0.84 1.08 0.06 -0.34 -2.44 0.95 0.91 4.45 0.61 1.42 -4.08 -0.98 -0.61 -0.67 -2.7 -4.93 -0.61
PID_BARD1_PATHWAY -1.57 -0.01 2.27 -5.24 -1.88 -2.95 5.16 0.59 -1.74 0.53 3.2 1.42 3.88 0.79 0.01 -0.54 -2.22 -1.67 2.54 2.98 -6.01 -1.19 -0.37 1.17 1.27 -2.11 -1.11 0.61 -0.22 4.25 1.06 3.84 -2.24 1.91 0.67 1.48 -1.72 -4 -2.85
PID_P53_REGULATION_PATHWAY -6.35 -2.47 1.22 -0.35 -5.47 -1.5 6.26 3.43 -2.13 1.53 7.02 -0.87 5.99 0.13 1.53 -2.51 -5.7 -4.04 0.9 3.2 -4.57 -3.83 -0.11 4.07 1.85 -1.74 1.16 4.42 0.01 4.47 2.25 3.84 -4.91 1.1 0.67 2.86 -1.1 -1.48 -8.78
PID_TOLL_ENDOGENOUS_PATHWAY -3.4 -1.18 -0.22 8.76 -2.46 1.89 -1.84 1.57 -0.85 0.78 0.94 -2.4 -1.66 -0.42 2.43 -2.13 -3.09 0.33 -1.43 0.14 4.64 -2.13 -0.49 -2.35 3.12 -0.88 2.33 2.6 -2.31 -3.74 2.57 -0.81 -1.21 1.04 3.36 0.34 -1 3.72 -4.59
PID_NCADHERIN_PATHWAY -5.03 -1.84 -0.03 -0.72 -2.95 -2.05 3.49 3.97 -0.32 2.17 3.76 -1.32 5.53 0.66 1.63 -0.97 -3.47 -2.7 0.03 1.22 -2.91 -3.61 -0.2 2.44 1.64 -0.19 0.94 2.03 -0.31 2.64 1.95 1.23 -2.93 0.37 -0.33 1.62 -0.64 0.12 -4.91
PID_ANTHRAX_PATHWAY -3.34 -1.12 1.69 -1.79 -3.29 -1.48 3.58 3.27 -0.31 -0.11 2.75 0.48 3.64 -0.88 0.43 -0.75 -2.57 -2.43 1.88 2.66 -4.25 -2.48 1.08 2.07 2.3 -0.6 0.05 2.73 1.34 2.36 0.7 3.66 -3.91 -0.98 0.23 0.49 -1.56 -1.81 -3.76
PID_S1P_S1P2_PATHWAY 4.69 2.95 0.43 -3.31 2.22 -2.27 0.21 -2.4 1.51 -1.73 -0.65 0.99 -3.82 -0.98 -1.47 1.37 2.53 2.04 1.29 0.03 -1.11 2.05 0.81 -1.37 -3.95 1.58 -2.48 -1.49 1.56 -0.88 -0.33 -0.33 2.68 -1.5 -0.82 -0.67 0.49 -3.39 5.53
PID_RAS_PATHWAY -4.57 -3.62 -0.82 -0.12 -3.03 -1.61 3.47 3.43 1.76 0.88 3.84 1.89 1.99 1.74 0.99 -1.01 -3.63 -3.25 -1.01 1.93 -2.77 -2.63 -2.12 2.8 2.48 0.38 0.51 3.38 0.62 3.36 0.14 2.63 -3.55 2.38 0.13 0.66 -0.96 -1.12 -5.57
PID_MAPK_TRK_PATHWAY -6.76 -3.32 -1.17 3.44 -3.55 1.15 1.58 3.61 -0.06 1.5 1.86 -1.72 4.95 1.14 2 -2.86 -4.5 -2.75 -2.15 1.07 0.75 -2.28 -1.53 1.62 2.53 -1.35 3.04 3.52 -1.46 1.93 0.79 1.42 -3.23 1.74 1.33 1.81 -0.85 2.88 -6.13
PID_PI3K_PLC_TRK_PATHWAY -4.74 -0.51 0.69 -2.23 -3.67 -0.13 4.62 3.78 -0.19 1.78 3.95 1.36 6.94 1.04 1.41 -1.47 -4.81 -1.6 -0.12 3.69 -5.49 -3.02 -0.28 2.54 1.05 -0.82 -0.44 0.6 0.32 3.75 -0.22 3.67 -4.21 0.93 -0.51 0.95 -1.98 -1.92 -4.7
PID_CD8_TCR_DOWNSTREAM_PATHWAY 3.66 -0.77 -2.21 6.04 5.53 6.45 -10.07 -3.76 1.35 -1.14 -10.96 -2.54 -9.24 0.64 -2.21 2.49 4.14 4.08 -4.17 -3.32 8.68 4.18 -1.47 -4.64 -2.52 0.87 2.1 -6.2 -2.2 -6.96 -1.61 -3.07 8.48 2.77 0.15 -0.16 5.96 5.78 5.88
PID_EPHA2_FWD_PATHWAY -4.24 -2.73 0.7 3.5 -1.06 2.67 0.93 1.3 0.49 1.23 0.52 -0.43 -0.47 0.74 0.43 -1.55 -4.34 -1.98 -1.82 1.13 0.44 -1.88 -1.06 1.44 3.56 0.65 1.74 1.6 0.15 -0.88 1.88 1.89 -1.77 2.25 0.29 1.04 -0.91 1.1 -6.56
PID_LYMPH_ANGIOGENESIS_PATHWAY -3.88 -1.9 2.84 -0.28 -2.93 1.17 3.77 2.7 -0.87 0.24 3.22 0.82 2.25 -0.4 1.5 -1.47 -3.46 -2.83 2 4.83 -3.34 -2.31 1.32 1.81 3.03 -1.19 -0.51 1.62 -0.2 1.02 1.49 1.98 -4.54 0.57 0.41 0.42 -2.46 -0.91 -5.53
PID_ALPHA_SYNUCLEIN_PATHWAY 6.18 3.09 0.3 -1.34 4.92 -0.09 -3.91 -4.41 -0.22 -0.65 -3.46 -0.85 -3.19 0.57 -1.37 2.65 4.12 3.65 1.21 -2.72 1.27 4.26 0.39 -2.94 -3.02 0.54 -1.27 -4.66 -0.5 -1.01 -2.01 -1.49 3.65 -0.3 -1.2 -1.51 0.93 -1.42 5.84
PID_FGF_PATHWAY -2.67 0.17 2.13 -4.51 -4.03 -4.11 8.47 2.76 0.13 0.22 7.18 2.44 4.65 -0.97 0.07 -0.46 -3.33 -2.65 2.6 3.3 -6.32 -2.85 0.7 3.9 3.13 0.09 -2.6 4.07 1.12 3.69 2.93 1.86 -5.37 -2.44 -0.84 -0.15 -3.8 -4.32 -4.19
PID_INTEGRIN_A4B1_PATHWAY 5.46 2.32 1.21 -5.58 2.31 -2.02 -0.03 -3.54 -0.15 -2.12 -1.18 1.83 -1.24 -1.12 -1.7 2.05 4.58 1.29 1.94 -0.54 -3.17 2.38 2.03 -0.96 -3 0.15 -2.53 -1.69 0.47 2.38 -2.24 0.35 3.26 -1.79 -0.8 -2.34 1.08 -3.48 6.15
PID_RAC1_PATHWAY 7.21 3.35 0.07 -2.46 4.13 0.33 -3.48 -2.69 0.03 -2.04 -4.04 0.67 -3.8 -2.17 -1.89 3.25 5.51 3.17 2.64 -2.01 0.41 2.38 2.81 -1.84 -3.7 2.01 -2.23 -3.19 0.95 -2.42 -2.35 -3.97 4.03 -4.3 -2.45 -2.55 2.03 -0.83 9.42
PID_RB_1PATHWAY -4.18 0.38 1 -4.86 -3.68 -3.34 8.47 2.29 0.07 1.53 5.57 0.91 5.33 0.46 1.67 -1.97 -4.51 -3.11 0.61 2.68 -7.35 -3.34 0.14 4.78 2.75 -0.57 -0.82 3.53 0.65 5.79 2.88 4.31 -4.27 -0.19 -0.27 1.25 -2.95 -4.72 -6.92
PID_FAK_PATHWAY 7.36 3.09 -0.84 1.6 4.47 0 -5.26 -4.07 0.55 -2.25 -5.31 -0.17 -5.2 -1.31 -1.52 2.26 5.79 4.54 -0.19 -3.81 3.54 4.2 -0.1 -3.95 -3.24 0.74 -0.8 -2.56 -0.47 -4 -3.32 -3 4.59 -1.74 -0.32 -1.47 1.91 1.41 8.85
PID_TGFBR_PATHWAY -4.49 1.05 2.44 -2.93 -4.56 -1.6 4.14 2.33 -0.59 1.82 4.15 1.21 5.84 1.66 0.74 -1.78 -4.05 -1.63 2.74 4.46 -5.26 -3.33 1.6 1.07 0.64 -0.97 -1.31 -0.88 1.12 6.87 0.73 2.72 -4.36 1.04 -0.92 -0.66 -1.34 -4.15 -3.56
PID_HES_HEY_PATHWAY 5.4 2.53 -1.76 1.06 4.53 -0.99 -6.47 -4.34 1.62 -1.52 -3.24 -1.15 -6 0.96 -0.73 2.62 5.38 3.74 -1.11 -1.88 5.31 3.78 0.5 -4.8 -3.25 -0.01 -0.96 -2.38 -1.06 -3.01 -2.41 -1.29 3.38 0.31 1.37 -2.44 1.13 1.64 5.55
PID_IL12_STAT4_PATHWAY 3.05 0.81 -1.25 3.14 3.92 3.49 -5.57 -2.97 1.41 -0.95 -6.1 -0.37 -7.55 0.02 -1.41 1.87 3.01 2.14 -1.69 -2.17 5.15 3.01 -0.02 -3.09 -1.76 1.2 0.36 -4.11 -1.52 -4.22 -0.5 -2.6 4.79 0.08 -0.52 -0.82 3.43 2.35 5.98
