PID_HDAC_CLASSII_PATHWAY 6.81 6.82 7.05 7.42 6.78 6.72 6.95 6.77 7.14 6.62 6.95 7.31 6.56 7.3 7.01 6.92 6.51 6.66 6.76 6.98 7.2 6.73 6.73 6.84 7.13 7.08 7.29 6.73 7.03 6.86 6.87 7.04 7.06 7.07 7.07 6.97 6.93 7.21 6.89
PID_DNA_PK_PATHWAY 5.35 5.42 5.51 5.87 5.27 4.95 5.57 5.47 5.43 5.56 5.32 5.51 5.45 5.86 5.35 5.53 5.07 5.39 5.45 5.63 5.4 5.15 5.27 5.41 6.04 5.32 5.52 5.54 5.34 5.59 5.82 5.59 5.36 6.19 5.24 6.04 5.93 5.39 5.42
PID_INTEGRIN_CS_PATHWAY 4.3 4.4 4.48 4.2 4.26 4.43 4.6 4.56 4.54 4.35 4.64 4.49 4.94 4.33 4.41 4.52 4.36 4.28 4.63 4.67 4.13 4.57 4.4 4.5 4.51 4.41 4.36 4.63 4.42 4.51 4.52 4.57 4.1 4.48 4.43 4.25 4.07 4.08 4.22
PID_ARF6_TRAFFICKING_PATHWAY 6.44 6.27 6.74 6.76 6.73 6.81 6.59 6.15 6.71 6.35 6.33 6.32 6.44 6.7 6.67 6.57 6.67 6.7 6.61 6.78 6.88 6.94 6.57 6.66 6.58 6.7 6.78 6.4 6.5 6.37 6.66 6.79 6.44 6.96 6.66 6.56 6.56 6.5 6.54
PID_ILK_PATHWAY 6.45 6.48 6.87 7.52 6.59 7.34 6.53 6.61 6.52 7.02 6.4 6.69 6.67 7.14 6.94 6.57 6.47 6.94 6.86 6.99 7.42 6.85 6.7 6.82 6.75 6.62 7.24 6.72 6.45 6.65 6.72 7.1 6.76 7.08 7.08 6.91 6.73 7.15 6.52
PID_CIRCADIAN_PATHWAY 6.31 6.51 6.56 6.55 6.57 6.53 6.51 6.29 6.11 6.43 6.41 6.46 6.48 6.58 6.5 6.32 6.26 6.51 6.41 6.53 6.3 6.55 6.84 6.47 6.22 6.26 6.65 6.3 6.27 6.56 6.42 6.5 6.41 6.56 6.55 6.37 6.59 6.44 6.23
PID_HDAC_CLASSI_PATHWAY 6.48 6.67 6.68 6.83 6.78 6.9 6.6 6.52 6.63 6.62 6.6 6.63 6.43 6.76 6.65 6.67 6.51 6.66 6.52 6.49 6.91 6.57 6.58 6.69 6.85 6.7 6.89 6.66 6.59 6.62 6.87 6.5 6.64 7.01 6.79 6.75 6.8 6.66 6.48
PID_CONE_PATHWAY 2.62 2.69 2.7 2.59 2.82 2.84 2.78 2.7 2.78 2.76 2.77 2.71 2.94 2.64 2.88 2.63 2.61 2.62 2.79 2.7 2.56 2.82 2.74 3.17 2.96 2.65 2.64 2.81 2.74 2.79 2.82 2.69 2.58 2.59 2.66 2.66 2.59 2.57 2.58
PID_ERB_GENOMIC_PATHWAY 7.02 6.6 6.75 7.01 7.26 7.04 6.55 6.41 6.48 7 6.44 6.44 6.86 6.69 6.9 7.29 7.14 6.63 6.59 6.36 7.29 7.53 6.49 7.1 6.63 7.08 6.51 6.57 7.04 6.91 6.94 6.37 7 6.58 6.94 6.37 7.15 6.3 7.48
PID_MYC_PATHWAY 5.91 6.06 5.77 5.94 5.99 5.92 6.15 5.85 6.23 6.05 5.91 6.15 5.98 6 5.86 5.77 5.93 6.08 5.91 5.76 5.88 5.89 6 5.96 5.86 5.89 5.84 5.9 5.87 6.09 6.21 5.9 5.81 6.25 5.99 5.8 5.91 6.23 6.01
PID_RANBP2_PATHWAY 6.81 6.82 7.22 7.73 6.8 7.6 6.95 7.31 7.14 7.4 7.13 7.31 7.06 7.36 7.08 6.97 6.63 6.73 7.11 7.03 7.1 6.73 7.04 7.04 6.95 7.23 7.64 7.59 7.03 7.26 7.04 7.04 7.32 7.46 7.07 7.05 7.21 7.42 7.13
PID_AR_TF_PATHWAY 5.57 5.58 6.18 5.8 5.88 5.86 5.87 5.7 5.55 5.58 5.61 5.53 5.69 5.82 5.85 5.52 5.55 5.54 5.63 5.58 5.72 5.79 5.6 6.26 5.81 5.64 5.8 5.87 5.6 5.87 5.89 5.86 5.63 5.84 5.82 6.01 5.8 5.67 5.55
PID_RXR_VDR_PATHWAY 5.54 5.56 5.68 5.63 5.25 5.77 5.65 5.49 5.47 5.45 6.03 5.68 5.67 5.71 5.43 5.74 5.49 5.52 5.77 5.42 5.91 5.47 5.69 5.21 5.2 5.79 5.83 5.77 5.5 5.56 5.97 6 5.74 5.86 6.38 6.23 5.65 5.5 5.56
PID_INTEGRIN2_PATHWAY 4.04 4.44 4.44 4.42 4.25 4.4 4.76 4.51 4.03 4.49 4.77 4.19 4.44 4.44 4.52 4.23 4.26 4.41 4.89 4.82 4.41 4.59 4.45 4.22 4.44 4.32 4.44 4.48 4.26 4.54 4.45 4.81 4.17 4.58 4.74 4.81 4.37 4.61 4.17
PID_CMYB_PATHWAY 5.03 4.83 5.45 5.62 5.29 5.49 4.91 5.48 4.94 5.44 5.09 5.12 4.9 4.88 5.21 4.74 5.18 4.97 5.07 5.14 5.47 5.22 5.06 5.07 5.32 5.2 5.04 5.48 5.05 4.82 5.12 5.08 5.05 5.15 5.4 5.37 5 5.41 4.97
PID_ERA_GENOMIC_PATHWAY 6.17 6.03 6.3 6.82 6.32 6.64 6.22 6.08 6.37 6.57 6.2 6.08 6.04 6.53 6.56 6.36 6.23 6.24 6.29 6.09 6.81 6.42 6.32 6.48 6.34 6.37 6.47 6.31 6.24 6.25 6.65 6.45 6.4 6.57 6.64 6.37 6.49 6.43 6.28
PID_RHODOPSIN_PATHWAY 2.76 2.84 2.81 2.71 2.82 2.84 2.93 2.86 2.78 2.82 2.89 2.82 3.01 2.77 2.93 2.75 2.88 2.74 2.84 2.96 2.63 2.87 2.81 3.17 2.96 2.8 2.75 2.87 2.82 2.9 2.82 2.98 2.67 2.8 2.91 2.9 2.67 2.67 2.68
PID_RETINOIC_ACID_PATHWAY 6.22 6.31 6.55 6.89 6.59 6.87 6.26 6.46 6.42 6.46 6.58 6.51 6.37 6.46 6.37 6.44 6.19 6.37 6.79 6.61 6.67 6.61 6.41 6.71 6.55 6.48 6.54 6.47 6.5 6.29 6.5 6.37 6.51 6.47 6.5 6.35 6.35 6.56 6.42
PID_INTEGRIN5_PATHWAY 4.14 4.23 4.39 3.75 4.23 3.96 4 3.65 3.83 3.74 4.1 3.8 3.83 3.8 3.93 4.27 4.12 4.14 4.16 3.82 4.14 4.24 4.15 3.75 3.79 3.84 3.68 3.97 3.86 3.68 3.72 3.75 4.19 3.86 4.14 3.68 3.64 3.38 4.07
PID_HNF3A_PATHWAY 4.52 4.53 4.5 4.28 4.54 4.69 4.79 4.5 4.43 4.68 4.47 4.25 4.77 4.44 4.61 4.26 4.14 4.3 4.37 4.57 4.16 4.31 4.47 4.95 4.97 4.51 4.57 4.55 4.6 4.65 4.5 4.72 4.16 4.84 4.69 4.54 4.28 4.24 4.28
PID_FANCONI_PATHWAY 4.68 4.79 4.83 4.95 4.58 4.91 4.95 5.04 4.75 4.84 5 4.81 4.78 4.9 4.84 4.62 4.52 4.74 4.69 4.75 4.85 4.59 4.69 4.67 4.73 4.76 4.72 4.96 4.77 4.82 4.75 4.56 4.68 4.56 4.7 4.63 4.69 4.81 4.73
PID_SMAD2_3NUCLEAR_PATHWAY 5.64 5.59 5.67 6.1 5.96 5.72 5.67 5.8 5.65 5.84 5.6 5.46 5.52 5.95 5.87 5.64 5.49 5.53 5.85 5.98 6.28 6 5.75 5.96 5.82 5.83 5.99 5.67 5.52 5.79 5.63 5.91 5.68 6.06 6.01 5.96 5.79 6.29 5.3
PID_FCER1_PATHWAY 5.75 5.98 6.21 6.9 6.13 6.58 6.08 6.14 6.15 6.19 6.28 5.77 6 6.46 6.31 5.98 6.02 6.07 5.95 6.31 6.83 6.17 6.16 6.39 6.51 6.3 6.42 6.56 6.08 5.86 6.35 6.42 6.36 6.72 6.55 6.48 6.5 6.77 5.95
PID_ENDOTHELIN_PATHWAY 5.61 5.7 6.24 6.68 6.01 6.09 6.01 6.03 6.04 5.87 5.64 5.96 5.87 6.1 5.93 5.75 5.72 5.91 5.93 5.92 6.29 5.93 5.97 5.95 6.1 6.04 6.07 5.94 5.83 5.86 5.94 6.09 5.72 6.34 5.95 5.91 6.21 6.21 5.86
PID_BCR_5PATHWAY 5.45 5.63 5.74 6.62 5.35 5.97 5.81 6 5.35 5.81 6.01 5.27 5.67 5.79 6 5.5 5.63 5.88 5.62 6.02 6.37 5.63 5.49 5.71 6.01 5.51 6.04 6.42 5.42 5.48 5.98 6.05 5.72 6.04 6.16 5.97 5.81 6.29 5.4
PID_PRL_SIGNALING_EVENTS_PATHWAY 7.52 7.38 7.7 7.85 7.52 7.53 7.04 7.28 7.75 7.63 7.04 7.37 7.42 7.68 7.61 7.95 7.56 7.48 7.32 7.42 8.06 7.59 7.27 7.21 7.48 7.66 7.74 6.82 7.6 7.31 7.42 7.49 7.67 7.55 7.59 7.64 7.6 7.76 7.2
PID_RHOA_PATHWAY 6.07 6.16 6.3 6.72 6.14 6.54 6.2 6.1 6.05 6.29 6.12 5.83 6.16 6.3 6.51 6.1 6.11 6.38 6.11 6.25 6.73 6.22 6.55 6.07 6.33 5.91 6.67 6.11 5.93 6.09 6.39 6.25 6.18 6.16 6.5 6.43 6.45 6.5 5.87
PID_ERBB4_PATHWAY 5.49 5.52 5.78 5.75 5.69 5.54 5.26 5.63 5.46 5.49 5.32 5.26 5.54 5.47 5.76 5.47 5.92 5.59 5.42 5.53 5.65 5.91 5.57 5.57 6.26 5.64 5.99 5.66 5.58 5.85 5.56 6.13 6.24 5.92 5.82 5.83 5.9 5.78 5.67
PID_AURORA_B_PATHWAY 5.25 5.46 5.71 5.61 5.62 5.55 5.53 5.18 5.49 5.41 5.37 5.6 5.4 5.48 5.21 5.59 5.46 5.55 5.64 5 5.57 5.23 5.43 5.91 5.42 5.23 5.38 5.45 5.23 5.18 5.69 5.21 5.2 4.95 5.16 5.46 5.26 5.22 5.37
PID_LYSOPHOSPHOLIPID_PATHWAY 5.72 5.73 6.19 6.37 6.14 6.16 5.97 6 6.21 5.86 5.7 5.86 5.99 6.39 5.89 6.02 6 5.88 5.91 5.85 6.14 5.88 5.89 6.2 6.15 6.2 6.18 5.85 5.97 6.06 6 5.86 5.98 6.34 6.06 6.06 6.17 6.1 5.82
PID_INSULIN_PATHWAY 6.28 6.68 6.74 6.91 6.8 6.8 6.84 6.53 6.59 6.73 6.57 6.39 6.54 6.86 6.7 6.39 6.39 6.73 6.55 7.07 6.67 6.59 6.43 6.81 6.5 6.58 6.49 6.67 6.44 6.64 7.04 6.72 6.58 6.89 6.77 6.74 6.96 6.63 6.26
PID_NOTCH_PATHWAY 6.31 6.27 6.39 6.62 6.59 6.6 6.32 6.47 6.44 6.46 6.05 6.19 6.24 6.37 6.16 6.23 6.24 6.35 6.26 6.43 6.77 6.51 6.22 6.46 6.35 6.43 6.6 6.57 6.02 6.21 6.54 6.74 6.41 6.39 6.47 6.55 6.46 6.5 6.33
PID_INTEGRIN1_PATHWAY 4.24 4.31 4.46 4.79 4.25 4.66 4.5 4.35 4.25 4.39 4.48 4.24 4.56 4.55 4.41 4.39 4.38 4.35 4.4 4.5 4.4 4.44 4.46 4.3 4.83 4.26 4.43 4.38 4.29 4.3 4.61 4.55 4.33 4.76 4.29 4.6 4.23 4.67 4.13
PID_P73PATHWAY 4.51 4.67 4.82 5.2 4.88 4.75 5.03 5.06 4.82 5.22 5.26 4.78 5.12 5 4.98 5.07 4.69 4.68 4.92 4.87 5.04 4.83 4.88 4.98 4.92 4.87 5.41 5.18 4.89 5.17 5.22 4.78 4.82 5.21 5.17 5.08 5.19 5.2 4.66
PID_P38_MKK3_6PATHWAY 6.05 6.05 6.01 6.13 5.99 6.1 6.03 5.87 5.86 5.87 5.73 5.53 6.02 6.19 6.22 6.05 6.01 5.94 5.88 5.99 5.84 5.99 6 5.92 5.4 5.97 6.02 5.88 5.85 5.66 5.89 6.07 5.86 6.12 6.12 5.98 5.85 5.82 5.84
PID_GMCSF_PATHWAY 6.08 6.33 6.71 7.24 6.55 6.8 6.15 6.74 6.24 7.06 6.49 6.15 6.68 6.97 7.02 6.2 6.14 6.77 6.42 6.66 7.53 6.78 6.62 6.54 6.84 6.47 7.12 6.73 6.15 6.35 7.05 6.59 6.71 7.05 7.21 6.67 6.72 7.36 6.14
PID_WNT_NONCANONICAL_PATHWAY 6.14 5.6 5.85 6.1 6.01 6.51 6.11 5.95 5.56 6.13 5.6 5.92 5.63 6 6.07 6.23 6.23 6.01 5.91 6.1 6.43 6.24 5.89 6.07 5.34 5.87 6.26 6.01 6.09 5.53 5.93 5.97 6.42 6.3 6.24 6.11 6.21 6.26 5.77
PID_NFKAPPAB_ATYPICAL_PATHWAY 5.4 5.57 5.82 6.53 5.33 5.52 5.56 5.85 5.54 5.71 5.8 5.52 5.29 5.94 5.88 5.4 5.71 5.59 5.52 5.88 5.82 5.59 5.38 5.59 6.52 5.6 6.11 5.85 5.36 5.9 5.85 5.86 5.73 6.34 5.68 6.02 5.98 6.05 5.55
PID_IL4_2PATHWAY 3.99 4.16 4.16 4.06 4.09 3.93 4.19 4.19 4.03 4.16 4.16 4.04 4.1 4.14 4.15 3.75 4.1 3.85 4.02 4.11 4.05 4.03 4.22 4.14 4.11 4.13 4.11 4.29 4.04 4.05 4.2 4.21 4 4.08 4.26 4.04 3.8 3.89 4.07
PID_BETA_CATENIN_DEG_PATHWAY 6.81 7.1 7.23 7.02 7.09 7.09 7.12 6.84 6.91 7.57 6.77 6.94 6.95 7.22 6.84 7.1 6.89 7.21 7.08 7.28 6.77 6.94 7.23 7.34 6.6 7.19 7.08 6.62 7.03 7.28 7.16 7.34 7.04 7.08 7.06 7.22 6.97 7.07 6.77
PID_HDAC_CLASSIII_PATHWAY 5.75 5.65 5.5 5.62 5.59 5.73 6.17 6.24 6.24 5.86 5.6 6.19 6.18 5.72 5.95 5.49 5.43 5.57 5.71 5.79 5.44 5.95 5.75 6.66 6 6.15 5.99 5.81 6.13 6.03 5.85 5.92 5.73 6.07 6.02 6.08 6.03 5.75 5.27
PID_GLYPICAN_1PATHWAY 5.4 6.21 5.98 6.37 5.97 6.78 5.03 6.12 5.45 6.11 6.03 5.78 5.43 5.92 6.51 5.89 6 5.91 6.2 6.13 6.74 6.08 6.24 6.26 6.26 5.71 6.17 6.41 6.24 5.7 6.13 6.31 6.07 6.17 6.65 6.17 6.3 6.37 5.66
PID_TCR_PATHWAY 5.32 5.48 5.74 5.86 5.39 5.72 5.81 5.75 5.27 5.68 5.85 5.3 5.41 5.45 5.82 5.44 5.41 5.79 5.7 5.7 5.86 5.64 5.45 5.72 5.86 5.55 5.9 5.85 5.5 5.31 5.92 5.68 5.52 5.76 5.88 5.88 5.52 6.1 5.32
PID_IL27_PATHWAY 3.54 3.79 3.84 3.83 3.83 3.56 4.03 3.67 3.59 3.89 4.15 3.89 3.72 3.65 4.02 3.55 3.5 3.9 3.85 3.6 3.77 3.83 3.71 3.84 3.93 3.61 3.82 4.02 3.8 3.82 3.98 3.66 3.52 3.87 3.52 3.7 3.57 3.65 3.54
PID_NFKAPPAB_CANONICAL_PATHWAY 5.58 5.6 5.87 6.76 5.7 5.93 5.87 6.24 5.76 5.87 5.96 5.6 5.81 5.81 5.97 5.79 5.76 5.79 5.71 5.85 6.17 5.79 5.98 5.84 6.05 5.73 5.97 6.21 5.82 5.82 6.35 5.84 5.98 6.1 6.23 6.36 6.31 6.29 5.71
PID_E2F_PATHWAY 5.29 5.19 5.47 5.69 5.3 5.35 5.62 5.64 5.52 5.55 5.6 5.41 5.5 5.39 5.65 5.37 5.34 5.29 5.47 5.43 5.39 5.5 5.44 5.56 5.56 5.52 5.52 5.54 5.31 5.43 5.6 5.54 5.36 5.51 5.72 5.65 5.37 5.61 5.21
PID_ER_NONGENOMIC_PATHWAY 6.26 6.3 6.42 6.49 6.36 6.44 6.11 5.95 6.28 6.22 5.6 6.29 6.22 6.23 6.22 6.06 6.31 6.24 6.06 6.26 6.06 6.49 6.11 6.44 6.5 6.46 6.37 6.25 6.29 6.31 6.52 6.12 6.52 6.35 6.31 6.24 6.42 6.21 6.12
PID_HIF2PATHWAY 5.49 5.11 5.43 5.71 5.3 5.63 5.67 5.72 5.52 5.34 5.7 5.39 5.56 5.27 5.7 5.35 5.58 5.24 5.56 5.7 5.68 5.64 5.64 6.24 5.61 5.89 5.63 5.75 5.62 5.42 5.85 5.58 5.52 5.34 5.56 5.85 5.8 5.65 5.51
PID_CD40_PATHWAY 4.97 5.3 5.18 6.1 5.21 5.34 5.4 5.53 5.34 5.6 5.45 5.37 5.32 5.42 5.63 5.28 5.03 5.17 5.21 5.18 5.6 5.37 5.08 5.04 5.7 5.39 5.59 5.65 5.22 5.38 5.35 5.28 5.14 5.72 5.53 5.61 5.22 5.46 5.03
PID_ATR_PATHWAY 5.17 5.03 4.9 5.16 4.83 4.91 4.95 5.14 4.93 5.04 5.19 5.06 4.76 4.87 5.04 4.72 4.81 4.83 4.79 4.72 5.14 4.56 4.84 4.8 4.81 4.89 4.79 5.15 4.99 4.89 5.06 4.56 4.84 5.09 5.06 4.75 4.8 4.86 4.89
PID_MET_PATHWAY 6.72 7.1 6.87 7.25 6.93 7.09 6.75 6.61 6.89 6.86 6.54 6.84 6.73 6.98 7.12 6.77 6.81 7.03 6.93 6.82 7.22 6.93 6.99 7 6.91 6.83 7.02 6.88 6.79 6.98 6.74 6.6 7.08 7.08 6.98 6.96 7.07 7.22 6.72
PID_PTP1B_PATHWAY 5.46 5.63 5.74 5.87 5.59 5.92 5.43 5.57 5.45 5.97 5.77 5.3 5.31 5.67 5.87 5.42 5.64 5.68 5.9 5.74 6.07 5.56 5.66 5.97 6.16 5.69 6.02 5.98 5.64 5.76 5.74 5.96 5.69 5.84 6.37 5.94 5.83 6 5.47
PID_INTEGRIN3_PATHWAY 5.4 5.17 5.6 5.9 5.44 5.58 4.95 5.28 5.26 5.42 5.15 5.05 5.21 5.54 5.72 5.24 5.39 5.46 5.81 5.93 5.66 5.58 5.4 5.1 5.42 5.13 5.41 5.15 5.05 4.94 5.42 5.36 5.15 5.55 5.56 5.54 5.37 5.43 5.17
PID_IL12_2PATHWAY 3.96 3.91 3.84 3.75 3.82 3.78 4.06 3.91 3.82 3.93 4.16 3.89 4.19 3.82 3.96 3.69 3.89 3.78 3.98 3.91 3.51 3.91 4.08 3.98 3.95 3.87 3.82 4.07 3.87 4.03 3.93 4.15 3.87 3.75 3.86 3.88 3.81 3.65 3.8
PID_S1P_S1P3_PATHWAY 6.86 6.76 6.97 6.92 7.14 7.33 6.87 7.17 7.52 7.18 6.86 6.92 7.22 7.21 7.05 6.81 6.69 6.9 6.91 6.71 6.99 6.91 6.84 7.04 6.9 7.16 7.16 6.94 6.99 7.24 7.17 6.83 6.93 7.17 6.88 7.52 7.39 7.08 6.67
PID_LPA4_PATHWAY 5.81 6.05 6.12 6.3 5.96 6.08 6.06 5.95 6.67 5.86 5.7 6.33 5.8 6.07 5.56 5.65 5.8 5.97 5.95 5.55 6.34 5.49 5.89 5.85 5.65 6.2 6.12 5.66 5.97 5.74 5.91 5.83 6.03 5.74 5.82 5.85 6.19 6.07 5.92
PID_AR_PATHWAY 6.32 6.26 6.28 6.64 6.46 6.51 6.12 5.97 6.25 6.12 6.04 6 6.19 6.11 6.16 6.19 6.33 6.2 6.26 6.37 6.43 6.35 6.22 6.32 6.13 6.52 6.33 6.19 6.04 6.2 6.3 6.24 6.48 6.26 6.32 6.33 6.35 6.32 6.23
PID_NFAT_TFPATHWAY 3.24 3.51 3.61 3.62 3.8 3.49 3.71 3.68 3.45 3.6 3.91 3.63 3.81 3.58 3.61 3.45 3.44 3.46 3.65 3.56 3.6 3.62 3.56 3.79 3.63 3.64 3.82 3.92 3.62 3.61 3.73 3.65 3.53 3.53 3.78 3.71 3.43 3.81 3.45
PID_EPHB_FWD_PATHWAY 6.92 7.35 7.36 7.35 7.12 7.19 6.82 6.94 6.82 7.48 6.63 6.87 6.71 6.96 7.3 7 6.96 7.34 7.17 6.98 7.46 6.89 7.2 7 7.06 6.87 7.4 6.81 7.04 7 7.32 6.52 7.25 6.87 7.32 7.07 7.13 7.42 7.17
PID_AVB3_OPN_PATHWAY 6.17 6.24 5.87 7.08 6.32 6.65 5.47 6.1 6.28 6.05 6.14 5.63 5.96 6.11 6.25 5.84 6.36 6.13 6.22 5.93 6.83 6.48 6.57 5.96 6.47 6.06 6.43 5.98 6.08 5.7 5.98 5.72 6.45 6.29 6.4 6.2 6.56 6.76 6.43
PID_S1P_S1P4_PATHWAY 7.36 7.39 7.26 7.45 7.64 7.35 7.52 7.29 7.75 7.53 7.08 7.39 7.5 7.3 7.28 7.66 7.84 7.31 7.06 6.94 7.79 7.43 6.84 7.35 6.94 7.64 7.43 7.28 7.3 7.44 7.36 6.92 7.36 7.26 7.1 7.3 7.49 7.53 7.35
PID_FRA_PATHWAY 4.35 4.46 4.85 5.04 4.51 4.53 4.48 4.41 4.44 5.22 4.67 4.61 4.85 4.98 4.81 4.44 4.35 4.38 4.6 4.87 4.8 4.76 4.6 4.47 4.82 4.3 4.87 4.95 4.51 4.78 4.65 4.87 4.54 5.39 5.05 5.03 4.45 4.76 4.12
PID_MYC_ACTIV_PATHWAY 6.37 6.55 6.77 6.97 6.59 7.04 6.52 6.5 6.61 6.66 6.55 6.58 6.57 6.87 6.84 6.69 6.61 6.67 6.52 6.62 7.07 6.73 6.53 6.45 6.56 6.66 6.77 6.74 6.7 6.87 6.75 6.81 6.99 7.2 6.73 6.82 7.08 6.97 6.81
PID_RHOA_REG_PATHWAY 6.63 6.48 6.28 6.41 6.59 6.48 6.32 6 6.39 5.93 5.88 6.27 5.8 6.37 6.3 6.41 6.39 6.54 6.41 6.26 6.39 6.45 6.55 6.36 6.28 6.5 6.36 6.14 6.21 6.21 6.41 6.64 6.53 6.37 6.5 6.46 6.31 6.08 6.69
PID_REELIN_PATHWAY 6.66 6.84 6.54 6.25 7 6.59 6.05 5.76 7.1 6.32 5.64 6.82 5.72 6.46 6.42 6.42 6.57 7.09 6.78 6.22 6.61 6.91 6.28 6.4 6.43 6.8 6.48 6.79 6.65 6 6.51 6.17 6.89 6.45 6.41 6.34 6.63 6.47 6.26
PID_PS1_PATHWAY 6.38 6.16 6.23 6.39 6.59 6.68 6.2 6.61 6.39 6.67 6.06 6.19 6.58 6.64 6.54 6.45 6.31 6.07 6.66 6.23 6.75 6.53 6.56 6.53 6.27 6.62 6.66 6.62 6.33 6.73 6.43 6.6 6.58 6.47 6.79 6.66 6.51 6.84 6.35
PID_NECTIN_PATHWAY 6.42 6.67 6.86 6.7 6.77 7.21 6.41 6.34 6.72 6.25 6.6 6.57 6.14 6.75 6.54 6.8 6.64 6.7 6.73 6.67 7.03 6.82 6.56 6.8 6.77 6.61 6.74 6.97 6.65 6.54 6.65 6.98 7.18 6.88 7.17 6.89 7.1 6.37 6.39
PID_P38_ALPHA_BETA_PATHWAY 5.17 5.12 4.94 6.22 5.7 5.71 5.66 5.62 5.05 5.4 5.63 5.2 5.04 5.31 5.93 5.21 5.28 5.52 5.09 5.39 5.6 5.15 5.48 4.91 5.33 5.39 6 5.86 5.06 5.29 5.85 5.45 5.32 5.42 6.07 5.54 5.53 5.66 5.25
PID_WNT_SIGNALING_PATHWAY 3.28 3.41 3.37 3.55 3.3 3.33 3.65 3.44 3.33 3.44 3.45 3.29 3.64 3.26 3.44 3.2 3.18 3.21 3.44 3.42 3.18 3.25 3.4 3.46 3.56 3.4 3.53 3.48 3.33 3.42 3.62 3.31 3.46 3.43 3.34 3.31 3.53 3.15 3.22
PID_TRAIL_PATHWAY 5.5 5.35 5.93 6.69 5.71 5.72 5.81 5.4 5.55 5.76 5.85 5.61 5.41 5.7 5.86 5.67 5.77 5.79 5.7 5.51 5.96 5.64 5.49 5.72 6.55 5.69 6.13 5.76 5.7 5.48 6.14 6.06 5.72 5.86 6.16 5.97 6.03 6.03 5.68
PID_CDC42_PATHWAY 6.66 7 7.34 7.23 7.24 7.25 7.15 7.06 7.03 7.25 6.81 7.02 7.15 7.35 7.17 7.08 6.97 7.16 7.11 7.07 7.39 7.27 7.11 7.27 7.22 7.15 7.35 7.02 7.11 7.25 7.37 7.04 7.23 7.37 7.28 7.35 7.28 7.32 6.73
PID_RET_PATHWAY 6.74 7.16 7.02 7.23 7.12 7.12 6.09 6.62 6.93 7.35 6.48 6.73 6.68 6.96 7.24 6.87 6.93 7.32 7.17 6.87 7.57 6.87 7.14 7 6.51 6.67 7.33 6.7 6.34 7.07 7.12 6.53 7.07 6.99 7.12 6.93 7.09 7.3 7.15
PID_CDC42_REG_PATHWAY 7.13 6.8 7.13 6.76 6.71 6.52 6.76 6.45 6.51 6.64 6.58 6.9 6.91 6.92 6.76 6.69 6.7 6.85 7.03 6.83 6.63 6.62 6.94 6.77 6.89 6.68 6.96 6.59 6.94 6.5 7.03 6.89 6.87 6.89 6.81 6.93 7.19 6.89 7.13
PID_ATM_PATHWAY 5.14 5.41 5.41 5.9 5.11 6.13 5.57 5.9 5.67 5.46 5.53 5.28 5.66 5.57 5.43 5.37 5.16 5.6 5.1 5.41 5.45 5.31 5.16 5.89 5.87 5.32 5.69 6.01 5.34 5.38 5.83 5.46 5.28 5.55 5.36 5.38 5.72 5.75 5.35
PID_ARF6_PATHWAY 5.21 5.07 5.81 5.98 5.97 5.98 5.44 5.04 5.66 5.58 4.96 5.18 4.97 5.44 5.41 5.52 5.55 5.43 5.04 5.43 6.12 5.78 5.54 5.39 5.1 5.01 5.67 5.15 4.87 5.49 5.87 5.56 5.48 4.95 5.66 5.49 5.52 5.86 5.58
PID_LKB1_PATHWAY 6.88 6.61 6.57 6.34 6.31 6.4 6.14 6.2 6.65 5.94 6.22 6.26 5.96 6.95 6.53 6.5 6.23 6.52 6.78 6.42 6.67 6.61 6.42 6.25 6.36 6.62 6.24 6.16 6.45 6.34 5.92 6.59 6.34 6.93 6.65 6.34 6.23 6.33 6.58
PID_CD8_TCR_PATHWAY 4.78 5.13 5.14 5.22 5 4.96 5.1 5.05 5.03 5.02 5.09 4.67 4.79 4.74 5.21 5.09 4.97 5.1 5.14 4.96 5.26 5.07 5.13 5.15 5.15 5.11 5.22 5.19 5.1 4.55 5.13 5.01 4.93 4.97 5.08 5.25 5.05 5.47 5.04
PID_WNT_CANONICAL_PATHWAY 6.5 6.6 6.69 6.67 6.7 6.58 6.48 6.43 6.38 6.4 6.33 6.48 6.43 6.62 6.56 6.76 6.84 6.65 6.83 6.8 6.69 6.61 6.54 6.43 6.36 6.55 6.52 6.35 6.43 6.57 6.67 6.9 6.64 6.66 6.72 6.44 6.63 6.53 6.55
PID_TCPTP_PATHWAY 6.29 6.42 6.47 6.62 6.29 6.53 6.29 6.43 6.59 6.38 6.36 6.37 6.15 6.25 6.39 6.31 6.18 6.39 6.37 6.45 6.46 6.03 6.85 6.41 6.5 6.51 6.66 6.68 6.2 6.25 6.42 6.62 6.51 6.18 6.71 6.55 6.44 6.52 6.18
PID_ANGIOPOIETIN_RECEPTOR_PATHWAY 5.5 5.55 5.9 6.49 5.64 5.94 5.75 5.74 5.45 5.8 5.68 5.53 5.93 5.99 6.3 5.52 5.64 5.91 5.59 5.95 6.1 5.8 6 5.71 6.09 5.5 6.06 5.82 5.54 5.81 5.89 5.94 5.74 6.28 6.03 6.01 5.81 6.03 5.66
PID_FAS_PATHWAY 5.48 5.32 5.31 6.07 5.5 5.5 5.52 5.27 5.44 5.62 5.45 5.39 5.24 5.53 5.69 5.42 5.7 5.63 5.42 5.38 5.73 5.59 5.47 5.59 5.57 5.53 5.75 5.54 5.36 5.42 5.88 5.38 5.62 5.87 5.71 5.77 5.65 5.71 5.47
PID_TXA2PATHWAY 5.54 5.66 6.25 6.47 6.02 6.4 5.82 6.01 6.05 5.86 5.66 5.72 5.14 6.06 6.25 5.75 5.96 5.82 5.91 6.25 6.12 5.83 5.88 6 6.25 6.04 6.18 6.2 5.84 5.79 6 6.39 5.82 6.23 6.55 5.97 5.9 6.21 5.47
PID_SHP2_PATHWAY 5.71 5.66 5.77 5.64 5.66 5.86 5.42 5.61 5.62 5.81 5.5 5.58 5.72 5.67 5.7 5.63 5.93 5.66 5.82 5.73 5.81 5.61 5.54 5.94 5.57 5.82 5.85 5.7 5.67 5.83 5.64 5.62 5.9 5.65 5.56 5.81 5.94 5.92 5.88
PID_S1P_S1P1_PATHWAY 6.96 6.44 6.44 6.74 7.26 7.09 6.66 6.7 6.81 6.69 6.85 6.91 7.29 6.89 6.94 6.79 6.78 6.56 6.62 6.45 6.74 6.91 6.49 6.68 6.64 7.15 6.84 6.74 6.97 6.66 7.04 6.68 6.9 6.72 6.52 7.03 7.34 6.79 6.86
PID_TELOMERASE_PATHWAY 6.08 6.24 6.58 6.93 6.59 6.84 5.97 6.4 6.43 6.74 6.18 6.38 6.44 6.64 6.44 6.45 6.32 6.59 6.36 6.45 7.09 6.57 6.58 6.62 6.59 6.7 6.76 6.66 6.59 6.62 6.52 6.55 6.59 6.67 6.65 6.73 6.51 6.77 6.26
PID_HNF3B_PATHWAY 4.39 3.95 4.12 3.77 4.22 4.15 4.08 3.92 3.8 3.92 4.06 3.84 4.1 3.82 3.83 4.29 3.86 3.94 4.14 3.86 3.83 3.8 4.51 4.02 3.86 3.9 3.93 4.01 3.82 3.97 4.15 3.87 3.8 3.77 3.73 3.82 3.81 3.74 3.91
PID_NETRIN_PATHWAY 6.99 7.12 7.18 7.36 7.27 7.12 6.9 7.17 7.56 7.45 7.08 6.99 7.33 7.35 7.47 7.46 7.26 7.16 7.24 6.94 7.37 7.18 7.16 7.34 7.1 7.56 7.57 7.42 7.43 7.13 7.48 6.85 7.53 7.39 7.22 7.59 7.75 7.48 7.16
PID_IL1_PATHWAY 5.53 5.41 5.28 6.58 5.54 5.44 5.62 5.87 5.45 5.79 5.74 5.2 5.28 5.54 5.91 5.42 5.68 5.72 5.65 5.44 6.17 5.6 5.53 5.53 5.57 5.62 5.77 5.6 5.29 5.29 5.56 5.54 5.62 5.74 5.93 5.89 5.77 6.13 5.47
PID_NFAT_3PATHWAY 6.65 6.8 6.95 7.2 6.82 7.27 7.19 6.63 7.03 6.95 6.93 6.82 6.46 7.01 6.98 7.09 6.66 6.9 6.86 6.91 6.86 6.81 7 6.93 7.16 6.98 6.99 7.19 7.06 7.08 7.33 6.96 7.05 7.2 7.17 6.97 6.84 7.01 6.61
PID_REG_GR_PATHWAY 5 5 4.98 5.26 5.43 5.34 5.12 5.07 5.34 5.18 5.45 5.17 5.07 5.24 5.32 5.25 4.84 5.02 5.24 4.92 5.67 5.48 4.93 5.08 4.99 5.57 5.47 5.42 5.22 5.19 4.92 5.23 5.22 5.38 5.53 5.52 5.19 5.17 4.71
PID_INTEGRIN_A9B1_PATHWAY 4.82 5.12 4.98 4.91 4.86 4.85 4.95 4.84 4.68 4.98 4.77 4.71 4.95 5.16 4.98 5.04 4.98 4.95 5.16 4.98 4.74 4.88 5.42 4.7 4.86 4.58 4.9 4.9 4.64 4.77 4.95 5.02 4.86 4.98 5.27 4.96 4.99 4.85 4.57
PID_ARF6_DOWNSTREAM_PATHWAY 7.23 7.25 7.55 7.6 7.82 7.09 7.01 7.23 7.78 7.51 7.13 7.16 7.29 7.49 7.09 7.65 7.01 7.27 7.41 7.19 7.5 7.55 7.17 7.17 6.92 7.73 7.56 7.26 7.07 7.29 7.15 7.19 7.42 7.56 7.46 7.36 7.79 7.58 6.94
PID_MTOR_4PATHWAY 7.35 7.34 7.18 7.67 7.7 7.6 6.99 7.5 7.65 7.52 7.01 7.48 7.23 7.42 7.43 7.4 7.64 7.57 7.09 7.18 7.69 7.6 7.35 7.39 7.59 7.73 7.66 7.44 7.78 7.45 7.55 7.19 7.84 7.57 7.46 7.57 7.67 7.64 7.32
PID_IL2_1PATHWAY 5.94 6.05 6.25 6.13 6.26 6.34 6.03 5.57 5.93 5.92 6.01 5.94 6.1 6.25 6.21 6.05 6.11 6.13 6.25 6.14 6.26 6.53 6.14 5.98 6.27 5.86 6.17 5.98 5.94 6.08 5.98 6.41 6.03 6.41 6.37 6.24 6.36 6.16 6.03
PID_CXCR4_PATHWAY 5.91 6.29 6.21 6.49 6.18 6.8 5.9 6.26 6.25 6.53 6.26 5.74 5.72 6.38 6.44 6.06 5.97 6.45 6.18 6.27 6.49 6.06 5.89 6.28 6.71 6.16 6.62 6.49 5.87 5.92 6.32 6.53 6.17 6.34 6.5 6.39 6.36 6.39 5.97
PID_IGF1_PATHWAY 6.7 7.14 7.11 7.31 7.21 7.62 6.93 7.08 6.98 7.61 6.66 6.84 7.07 7.41 7.43 6.9 6.96 7.22 7.02 7.18 7.71 7.1 7.19 7 7.2 7.13 7.49 7.29 7.1 7.32 7.36 7.13 7.16 7.47 7.76 7.25 7.14 7.36 6.72
PID_ERBB1_RECEPTOR_PROXIMAL_PATHWAY 6.78 7.12 7.11 7.3 7.21 7.09 6.93 6.63 7.09 7.49 6.5 6.89 7.07 6.98 7.15 7.14 6.96 7.22 7.02 6.99 7.22 6.69 7.11 7.13 7.04 7.13 7.3 6.88 7.04 6.88 7.21 6.77 7.16 6.92 7.29 7.19 7.44 7.31 7.1
PID_TNF_PATHWAY 5.81 5.79 6.13 6.69 5.89 6.28 5.81 6.18 6.21 6.16 6.01 5.68 6.03 6.11 6.26 5.9 5.99 6.13 5.88 6.12 6.44 6.01 6.01 6.1 6.35 6.12 6.48 6.5 5.94 5.54 6.53 6.06 6.13 6.17 6.3 6.33 6.41 6.24 5.74
PID_PLK1_PATHWAY 3.6 3.7 3.87 3.92 3.59 4.04 4.23 4.11 3.58 3.75 4.09 3.79 4.04 3.6 3.76 3.51 3.51 3.77 3.84 3.89 3.74 3.54 3.78 3.97 3.81 3.7 3.65 4.1 3.83 3.89 3.99 3.65 3.68 3.86 3.62 3.62 3.54 3.69 4.03
PID_TCR_RAS_PATHWAY 6.98 7.34 7 7.15 7.22 7.3 6.92 6.99 6.8 7.01 6.76 7.2 7.07 7.13 7.24 7.02 7.17 7.4 7.13 7.06 7.18 7.34 7.26 6.99 6.83 7.1 7.08 6.95 7.14 6.97 7.02 6.8 7.31 7.07 7.38 7.48 7.47 7.19 7.14
PID_IL5_PATHWAY 4.08 4.39 4.44 6.23 4.52 4.9 4.37 5.15 4.53 4.94 4.62 4.18 4.23 4.42 5.79 4.29 4.1 4.76 4.53 4.32 5.82 4.7 4.43 4.61 4.59 4.52 6.09 5.34 4.21 4.4 4.7 4.63 4.54 4.61 5.87 5.38 4.52 6.45 4.28
PID_FOXO_PATHWAY 7.09 7.28 7.38 7.48 7.39 7.82 7.26 7.39 7.11 7.74 7.01 7.35 7.28 7.28 7.58 7.23 6.95 7.32 7.23 7.31 7.21 7.45 7.47 7.52 7.13 7.28 7.74 7.29 7.78 7.27 7.62 7.36 7.38 7.29 7.4 7.56 7.64 7.47 7.15
PID_THROMBIN_PAR4_PATHWAY 4.71 4.88 4.89 5.93 4.83 5.05 4.94 4.9 4.78 5.23 4.79 4.82 4.8 4.87 4.94 4.8 4.67 4.74 4.92 5.25 5.22 4.85 4.86 4.87 5.21 4.61 5.25 4.92 4.87 4.78 5.21 5.41 4.82 5.02 5.12 4.89 4.8 5.1 4.53
PID_PI3KCI_PATHWAY 5.48 5.74 5.63 6.24 5.39 5.99 5.9 6.13 5.35 5.77 6.12 5.27 5.72 5.73 5.99 5.73 5.63 5.9 5.83 5.95 6.17 5.55 5.4 5.66 6.22 5.51 6.33 6.42 5.54 5.75 6.13 5.86 5.46 5.95 6.09 5.94 5.79 6.19 5.64
PID_AJDISS_2PATHWAY 6.55 6.55 6.95 7 6.95 7.06 6.59 6.27 6.63 6.81 6.48 6.49 6.21 6.62 6.55 6.87 6.75 6.89 6.78 6.89 6.75 6.92 6.72 6.76 6.56 6.78 6.85 6.66 6.6 6.37 6.73 6.85 7.15 6.53 6.65 6.66 6.59 6.64 6.52
PID_IL2_PI3K_PATHWAY 6.06 6.27 6.37 6.8 6.68 6.75 6.44 6.23 6.52 6.37 6.15 6.38 5.8 6.61 6.27 6.04 6.19 6.31 5.91 6.36 6.33 6.58 6.2 6.78 6.53 6.61 6.7 6.36 6.3 6.46 6.71 6.31 6.53 6.65 6.58 6.36 6.42 6.29 6.07
PID_CERAMIDE_PATHWAY 5.89 5.87 6.19 6.56 6.26 6.31 6.06 6.09 6.47 6.34 6.19 6.27 6.16 6.3 6.26 6.09 6.04 6.1 5.84 6.15 6.1 6.4 5.91 6.3 6.58 6.36 6.46 6.2 6.36 6.2 6.44 6.24 6.27 6.53 6.29 6.28 6.37 6.24 6.05
PID_P53_DOWNSTREAM_PATHWAY 5.41 5.27 5.36 5.78 5.31 5.6 5.35 5.27 5.38 5.48 5.33 5.31 5.28 5.19 5.52 5.29 5.32 5.6 5.28 5.49 5.68 5.42 5.4 5.29 5.61 5.32 5.36 5.47 5.33 5.3 5.57 5.39 5.63 5.44 5.64 5.25 5.3 5.34 5.1
PID_P75_NTR_PATHWAY 6.51 6.68 6.68 6.83 6.73 6.74 6.59 6.62 6.57 6.65 6.37 6.42 6.55 6.78 6.53 6.44 6.37 6.63 6.46 6.48 6.95 6.7 6.45 6.39 6.82 6.57 6.63 6.6 6.45 6.64 6.64 6.53 6.65 6.97 6.69 6.66 6.67 6.6 6.3
PID_S1P_META_PATHWAY 6.32 6.31 6.38 6.41 6.17 6.58 6.01 6.5 6.04 6.29 6.31 6.53 6.57 6.52 6.2 6.19 6.11 6.48 6.3 6.17 6.17 6.11 6.23 6.28 6.3 6.31 6.22 6.24 6.49 6.5 6.47 6.2 6.12 6.71 6.23 6.39 6.29 6.24 6.1
PID_ECADHERIN_NASCENT_AJ_PATHWAY 7.28 7.25 7.71 7.6 7.65 7.73 7.48 7.56 7.48 7.51 7.41 7.18 7.47 7.58 7.46 7.64 7.47 7.49 7.41 7.54 7.8 7.48 7.66 7.52 7.68 7.51 7.62 7.63 7.5 7.47 7.66 7.47 7.55 7.67 7.73 7.63 7.77 7.74 7.54
PID_INTEGRIN4_PATHWAY 4.24 4.31 4.46 4.15 4.17 4.81 4.57 4.29 4.25 4.23 4.68 4.36 4.56 4.56 4.6 4.4 4.17 4.55 4.4 4.44 4.11 4.17 4.3 4.3 5.28 4.26 4.43 4.36 4.29 4.31 4.31 4.3 4.21 4.98 4.27 4.27 4.16 4.1 4.17
PID_AMB2_NEUTROPHILS_PATHWAY 4.93 5.41 5.62 6.45 5.45 6.29 5.23 6.08 5.52 6.17 6.1 5.54 5.01 5.63 5.95 5.65 4.95 5.75 5.37 5.7 6.59 5.58 5.36 5.38 6.5 5.57 6.25 6.59 5.02 5.19 6.2 5.65 5.4 6.18 6.48 6.13 5.4 6.26 5.25
PID_AVB3_INTEGRIN_PATHWAY 5.46 5.13 5.54 5.72 5.5 5.45 5 5.39 5.36 5.63 5.19 5.09 5.16 5.17 5.75 5.17 6 5.47 5.71 5.81 5.92 5.92 5.43 5.53 5.57 5.43 5.55 5.43 5.43 5.16 5.29 5.15 5.71 5.41 5.47 5.87 5.63 5.68 5.64
PID_IFNG_PATHWAY 6.65 6.49 6.85 7.15 6.76 7.03 6.16 6.11 6.6 6.72 6.55 6.58 6.06 6.76 6.44 6.3 6.55 6.73 7.05 6.53 6.79 6.72 6.48 6.46 6.67 6.59 6.96 6.57 6.5 6.52 6.94 6.38 6.71 6.88 6.79 6.47 6.72 7.07 6.48
PID_LIS1_PATHWAY 7.23 7.26 7.23 7.28 7.35 7.53 7.24 7.32 7.44 7.29 6.98 7.22 7.32 7.16 7.15 7.16 6.95 7.43 7.21 7.16 7.27 7.15 7.17 7.44 7.24 7.46 7.19 7.25 7.44 7.46 7.62 7.17 7.42 7.15 7.05 7.53 7.81 7.22 7.11
PID_ERBB1_DOWNSTREAM_PATHWAY 6.64 6.77 6.91 7.25 6.96 7.21 6.92 6.84 6.94 7.16 6.76 6.77 6.67 7.05 7.16 6.88 6.79 6.78 6.78 6.95 7.16 7.1 6.97 7.02 6.98 7.09 7.25 6.92 6.74 6.78 7.18 6.8 7.02 6.97 7.21 7.2 6.93 7.34 6.49
PID_SYNDECAN_4_PATHWAY 5.4 6.21 6.21 5.9 5.97 6.82 5.07 6.12 5.12 6.17 5.54 5.06 6.21 6.25 5.98 5.76 5.82 6.15 6.31 6.28 6.39 5.88 5.7 5.51 6.18 4.96 6.62 5.53 5.15 5.84 5.59 6.68 5.5 7.03 6.06 6.47 6.13 6.18 5.45
PID_ATF2_PATHWAY 5.8 5.83 6.11 6.22 6.13 6.46 5.77 5.52 5.44 5.84 5.7 5.59 5.67 6.06 6.08 5.77 5.86 5.88 6.01 6.07 6 6.36 5.95 5.96 5.57 5.77 5.98 5.81 5.94 5.53 5.9 6.03 5.83 5.93 6.24 5.89 5.82 5.95 5.71
PID_AP1_PATHWAY 4.99 4.93 5.28 5.55 5.34 5.52 5.44 5.38 4.87 5.37 5.46 5.12 5.31 5.4 5.49 5.05 5.25 5.11 5.24 5.34 5.84 5.51 5.09 5.51 5.3 5.39 5.48 5.5 5.45 5.06 5.35 5.34 5.11 5.39 5.61 5.53 5.5 5.62 4.73
PID_UPA_UPAR_PATHWAY 4.13 4.16 4.58 4.16 4.26 4.34 4.45 4.18 4.52 4.19 4.29 4.15 3.8 4.17 4.15 4.5 4.35 4.28 4.19 4.39 4.13 4.57 4.58 4.37 4.24 4.41 4.31 4.34 4.21 4.21 4.83 4.35 4.28 4.48 4.37 4.02 4.07 4.19 4.22
PID_ERBB2_ERBB3_PATHWAY 6.67 6.8 6.49 6.83 6.94 7.09 6.79 6.62 6.83 6.86 6.4 6.62 6.57 6.88 6.94 6.77 6.44 6.89 6.73 6.59 6.86 6.99 6.59 6.99 6.92 6.7 6.99 6.65 6.5 6.72 7.06 6.59 7.1 6.92 7.19 6.91 6.51 7.02 6.61
PID_FOXM1_PATHWAY 4.37 4.34 4.64 5.21 4.7 4.64 4.57 5.17 4.28 5.02 4.8 4.63 5.32 4.78 4.7 4.24 4.33 4.22 4.59 4.72 5.21 4.44 4.43 4.77 5.03 4.54 5.01 4.65 4.48 4.82 4.61 4.93 4.19 5.06 4.76 4.82 4.49 4.74 4.23
PID_EPHA_FWDPATHWAY 3.97 4.6 4.1 4.19 4.03 4.08 4.18 4.69 4.18 4.3 4.37 4.19 4.03 4.31 4.58 4.28 3.87 4.49 4.47 4.41 3.99 4.29 4.26 4.24 4.27 4.27 4.13 4.47 4.14 4.13 4.32 4.49 4.32 4.18 4.76 4.1 4.14 4.23 4.2
PID_HIF1A_PATHWAY 6.03 5.89 5.97 5.91 5.93 5.93 6.17 5.84 5.84 5.69 5.86 5.79 5.81 5.68 5.82 5.73 5.86 5.87 5.83 5.73 5.84 5.84 5.88 5.87 5.79 6 5.95 5.91 5.82 5.91 5.79 5.76 6.01 5.92 5.67 5.96 5.7 5.52 6.34
PID_BMP_PATHWAY 4.25 4.46 4.46 4.82 4.97 4.62 4.95 5.15 4.69 4.85 4.58 4.59 4.83 4.49 4.81 4.9 4.44 4.66 4.38 4.5 4.49 4.6 4.63 4.78 5.04 4.57 4.9 4.89 4.58 4.75 4.84 4.8 4.66 4.82 4.54 4.76 4.78 4.99 4.66
PID_IL3_PATHWAY 6.37 6.66 7.06 7.2 6.79 7.02 6.93 6.62 7.03 6.78 6.47 6.62 6.69 6.83 6.89 6.32 6.28 6.98 6.99 6.87 7.04 6.57 6.93 6.93 7.06 6.98 7.3 6.66 6.37 6.96 7.18 6.84 6.97 7.11 7.06 7.17 7.08 7.01 6.25
PID_IL6_7_PATHWAY 5.93 6.05 6.35 6.76 6.14 6.65 6.03 6.52 6.35 6.22 6.13 6.26 6.09 6.51 6.44 6.06 6.17 6.08 6.01 6.14 6.78 6.53 6.14 6.42 6.43 6.36 6.68 6.46 6.21 6.23 6.35 6.38 6.39 6.41 6.57 6.32 6.36 6.59 5.98
PID_ECADHERIN_KERATINOCYTE_PATHWAY 5.91 5.63 6.25 6.07 6.78 6.53 6.73 6 6.69 6.72 6.11 6.38 5.93 6.81 6.33 6.39 6.07 6.06 5.91 6.45 6.14 5.81 6.08 6.62 6.22 6.87 6.66 6.46 6.44 6.52 6.32 6.43 6.59 6.51 6.5 6.64 6.52 6.25 5.98
PID_ALK1_PATHWAY 6.09 5.82 6.53 6.67 5.95 6.34 6.16 6.13 6.4 6.12 6.13 6.31 5.56 6.33 6.47 6.16 6.04 6.12 6.27 6.5 6.77 6.21 5.87 6.31 6.48 6.44 6.28 6.2 6.28 5.91 6.17 6.57 5.77 6.84 6.58 6.28 6.28 6.25 5.81
PID_PDGFRB_PATHWAY 6.82 7.05 7.19 7.33 6.96 7.4 6.9 7.09 7.01 7.17 6.84 6.95 6.95 7.18 7.21 7.03 6.96 7.24 7.01 7.06 7.38 7.1 7.21 7.08 7.38 7.09 7.44 6.94 7.16 6.94 7.2 6.9 7.15 7.12 7.35 7.27 7.23 7.34 6.65
PID_TRKR_PATHWAY 7.07 7.2 7.32 7.47 7.4 7.43 6.94 6.9 7.1 7.45 6.96 7.12 7.06 7.25 7.32 7.28 7.03 7.27 7.11 7.03 7.46 7.11 7.13 7.15 7.09 7.38 7.4 7.18 7.09 7 7.6 7.12 7.32 7.35 7.42 7.4 7.41 7.36 6.91
PID_TCR_JNK_PATHWAY 5.72 5.95 5.6 6.68 5.73 5.95 5.83 5.97 5.71 5.76 6.27 5.64 5.67 5.73 5.75 5.73 5.64 5.88 5.88 5.4 6.51 5.69 5.66 5.81 6.13 5.72 5.99 6.65 5.74 5.12 5.92 5.96 5.46 5.8 6.01 5.74 5.62 6.59 5.64
PID_NEPHRIN_NEPH1_PATHWAY 6.55 6.64 6.34 6.72 6.8 6.82 6.53 6.53 6.49 6.73 6.26 6.36 6.4 6.84 6.79 6.59 6.39 6.75 6.34 6.32 6.91 6.72 6.23 6.57 6.67 6.4 6.82 6.56 6.44 6.49 6.53 6.42 6.75 6.86 6.78 6.93 6.7 6.7 6.39
PID_IL23_PATHWAY 3.43 3.72 3.41 3.51 3.48 3.5 3.73 3.91 3.54 3.55 3.73 3.64 3.68 3.57 3.81 3.51 3.23 3.49 3.68 3.35 3.28 3.37 3.61 3.57 3.93 3.6 3.56 3.63 3.62 3.53 3.42 3.35 3.43 3.23 3.44 3.57 3.32 3.57 3.36
PID_HIV_NEF_PATHWAY 4.38 4.68 4.94 4.8 4.42 4.58 4.74 4.72 4.64 4.95 4.53 4.29 4.73 4.87 4.68 4.65 4.4 4.68 4.67 4.67 4.92 4.4 4.48 4.66 4.83 4.47 4.88 4.7 4.46 4.67 4.59 4.54 4.05 4.89 4.9 4.64 4.57 4.94 4.56
PID_SYNDECAN_1_PATHWAY 4 4.1 4.22 4.09 3.93 4.03 4.54 4.22 4.35 4.23 4.33 4.07 4.21 3.99 4.08 3.98 3.97 3.88 4.02 4.15 3.93 3.96 4.49 4.05 4.24 4.07 4.11 4.36 4.22 4.25 4.77 4.03 4.34 3.92 4.04 4.05 3.94 4.08 3.64
PID_P38_MK2_PATHWAY 6.63 6.79 6.92 6.96 6.63 7.24 6.39 6.92 6.6 7.18 6.22 6.32 6.8 6.78 6.81 6.69 6.55 6.78 6.76 6.62 7.09 6.89 6.7 6.86 6.77 6.44 7.27 6.57 6.64 6.6 7.43 6.56 6.52 7.1 7.14 6.65 6.84 6.94 6.74
PID_ERBB_NETWORK_PATHWAY 5.48 5.24 6.15 5.26 6 5.43 5.31 5.24 5.56 5.45 5.02 4.82 4.76 5.92 5.8 6.18 5.83 5.58 5.69 6 5.55 5.77 5.98 5.67 4.66 5.59 5.83 5.32 5.26 5.51 5.19 6.36 6.07 4.96 6.05 5.99 5.49 5.73 5.21
PID_ALK2_PATHWAY 3.85 4.06 4.13 3.71 3.91 3.99 4.68 4.32 3.94 4.24 4.36 4.13 4.62 3.92 4.19 3.81 3.85 3.81 4.11 4.1 3.7 3.86 4.02 4.58 4.23 4.11 4.18 4.59 4.19 4.49 4.29 4.03 3.71 3.68 3.87 3.96 3.8 4.32 3.76
PID_PDGFRA_PATHWAY 6.07 6.12 6.62 6.99 6.3 6.76 6.75 6.56 6.49 6.5 6.47 6.38 6.9 6.91 6.94 6.32 6.28 6.68 6.86 6.83 6.78 6.53 6.59 6.81 6.43 6.34 6.67 6.65 6.37 6.65 6.83 6.89 6.45 6.97 6.89 6.88 6.84 6.94 6.25
PID_IL8_CXCR2_PATHWAY 6.01 6.1 6.34 6.64 6.46 6.63 6.15 6.16 6.2 6.42 6.42 6.36 5.22 6.23 7.05 6.29 6.18 6.47 5.92 6.36 6.9 6.48 5.77 6.24 6.79 6.31 6.61 6.59 6.43 6.14 6.31 6.47 6.27 6.43 6.92 6.35 6.32 6.77 6.13
PID_HEDGEHOG_2PATHWAY 4.24 4.38 4.46 4.25 4.23 4.19 4.41 4.35 4.22 4.56 4.14 4.24 4.4 4.45 4.57 4.25 4.23 4.28 4.41 4.3 4.07 4.26 4.31 4.64 4.13 4.52 4.6 4.35 4.53 4.76 4.61 4.32 4.47 4.52 4.54 4.5 4.58 4.24 4.29
PID_AR_NONGENOMIC_PATHWAY 6.94 7.19 7.02 7.15 7.28 7.28 6.81 6.99 7.47 7.5 6.73 6.82 7.2 6.85 6.97 7.13 7.23 7.16 6.67 6.74 7.46 7 6.83 7.19 6.91 7.31 7.37 6.62 7.24 6.93 7.17 6.75 7.31 7.01 6.73 7.3 7.44 7.36 7.1
PID_ERBB1_INTERNALIZATION_PATHWAY 7.28 7.46 7.68 7.35 7.63 7.57 6.97 6.97 7.46 7.48 6.52 7.32 6.6 7.17 7.29 7.46 7.26 7.42 7.46 7.25 7.5 7.36 7.5 7.13 7.12 7.29 7.37 6.88 7.36 7.11 7.47 7.11 7.57 6.92 7.29 7.21 7.44 7.36 7.5
PID_HEDGEHOG_GLI_PATHWAY 6.93 7.17 7.19 7.18 7.17 7.46 7.1 7.18 7.33 7.41 7.04 7.39 7.19 6.93 6.99 7.35 6.88 7.16 7.1 6.75 7.11 7.12 7.17 7.28 7.18 7.31 7.36 7.37 7.41 7.14 7.53 7.22 7.36 7.38 7.07 7.44 7.39 7.18 6.95
PID_CASPASE_PATHWAY 4.59 4.72 4.84 5.23 4.42 4.86 4.94 5.09 4.74 4.95 4.68 4.76 4.87 4.96 5.04 4.93 4.63 4.8 4.97 5.04 5.06 4.65 4.92 4.81 5.49 4.79 5.07 5.04 4.75 4.88 4.83 4.89 4.73 5.02 4.92 5.04 4.88 5.06 4.83
PID_CXCR3_PATHWAY 6.18 6.45 6.53 6.74 6.66 6.65 6.26 6.25 6.56 6.69 6.22 6.38 6.1 6.81 6.73 6.52 6.17 6.56 6.45 6.54 6.35 6.69 6.47 6.53 6.62 6.52 6.45 6.43 6.43 6.38 6.53 6.55 6.59 6.67 6.36 6.37 6.49 6.25 6.27
PID_BETA_CATENIN_NUC_PATHWAY 5.77 5.79 6.15 6.37 6.15 6.31 5.99 6.21 5.87 5.93 5.79 5.96 5.74 6.21 6.06 6.1 5.79 5.96 6.27 6.34 5.92 6.17 5.93 6.03 5.78 5.88 6.2 5.63 6.03 6.08 5.95 6.26 5.8 6.34 6.22 6.14 6.13 6.37 5.94
PID_VEGFR1_PATHWAY 6.46 6.72 6.82 6.98 6.84 7.35 6.94 6.99 6.72 6.73 7.07 6.74 7.06 6.99 7.15 6.72 6.59 6.79 7.21 7.16 6.77 6.67 7.08 6.77 6.92 6.91 6.81 7.09 6.99 6.97 7.05 6.97 6.87 7.2 7.16 6.97 7.03 6.69 6.57
PID_SMAD2_3PATHWAY 6.56 6.7 7.2 7.23 6.74 6.89 6.53 6.84 6.83 7.01 6.89 7.03 6.9 6.79 6.88 6.79 6.6 6.6 6.8 7.01 7.13 6.67 6.86 6.88 6.94 6.94 6.98 6.93 6.86 7.18 6.87 7.11 6.97 6.93 7.01 6.95 6.99 7.06 6.5
PID_P38_ALPHA_BETA_DOWNSTREAM_PATHWAY 5.78 6.01 6.24 6.62 6.14 6.14 6.02 5.79 5.98 6.08 6.4 5.72 5.83 6.01 6.3 6.05 5.94 5.94 6.03 6.14 6.57 6.15 6.12 6.11 6.09 6.03 6.32 5.96 5.9 5.98 5.97 6.41 5.95 6.28 6.38 6.24 6 6.46 5.82
PID_KIT_PATHWAY 5.72 5.83 5.9 6.36 6.15 6.26 5.97 6.44 5.93 6.25 6.4 6.2 5.93 6.38 6.17 6.06 6 6.08 5.9 6.25 6.22 6.15 5.73 6.41 5.9 6.27 6.5 6.42 6.23 5.96 6.32 5.99 6.31 6.29 6.3 6.37 6.36 6.33 5.98
PID_ECADHERIN_STABILIZATION_PATHWAY 6.08 6.51 6.87 6.92 6.67 6.78 6.47 6.18 6.66 6.76 6.49 6.5 6.4 6.7 6.6 6.36 6.28 6.83 6.61 6.94 7.02 6.64 6.74 6.84 6.58 6.81 6.89 6.33 6.43 6.23 6.39 6.59 6.53 6.93 6.75 6.5 6.48 6.7 5.92
PID_EPO_PATHWAY 5.52 5.94 5.76 6.47 5.73 5.97 5.97 6.13 5.66 5.87 6.18 5.53 5.74 5.95 5.98 5.89 5.64 5.94 5.64 6.14 6 5.8 5.91 5.98 6.38 5.47 6.02 6.27 5.54 5.96 5.88 6.14 5.73 5.99 6.3 6.19 5.81 6.1 5.6
PID_IL2_STAT5_PATHWAY 3.97 4.43 4.4 4.64 4.36 4.51 4.16 4.43 4.39 4.36 4.22 4.01 4.15 4.3 4.54 4.28 4.33 4.47 4.36 4.11 4.8 4.35 4.38 4.53 4.16 4.15 4.77 4.62 4.33 4.36 4.7 4.71 4.41 4.6 4.64 4.55 4.49 4.98 4.26
PID_TCR_CALCIUM_PATHWAY 3.42 3.74 3.88 4.15 4.14 4.16 4.02 3.72 4.04 4.09 3.94 3.81 4.4 4.19 4.21 4.1 3.85 3.97 3.73 3.89 4.13 4.07 3.93 4.24 3.9 3.87 4.35 4.13 4.08 4.2 4.37 4.3 3.99 5 4.25 4.56 4.01 4.23 3.85
PID_DELTA_NP63_PATHWAY 4.11 4.22 4.37 4.16 4.17 3.85 4.64 4.09 4.19 4.55 4.43 4.34 4.64 4.24 4.27 4.33 4.34 4.3 4.3 4.61 4.29 4.22 4.49 4.28 4.33 4.22 4.45 4.58 4.29 4.58 4.1 4.59 4.25 4.41 4.39 4.4 4.54 4.25 4.29
PID_VEGFR1_2_PATHWAY 6.3 6.81 6.95 7.3 6.78 7.1 6.73 6.54 6.81 6.68 6.84 6.41 6.9 6.91 7.13 6.68 6.34 6.77 6.9 7 7.06 6.71 6.83 6.79 6.62 6.75 6.75 6.76 6.45 6.92 6.7 6.7 6.53 7.13 6.86 6.93 6.93 6.79 6.47
PID_THROMBIN_PAR1_PATHWAY 6.65 6.71 6.85 7.02 6.8 7.06 6.39 6.7 6.69 6.69 6.33 6.75 6.25 6.57 6.84 6.74 6.61 6.9 6.39 6.36 6.86 6.69 6.49 6.61 6.75 6.75 6.75 6.47 6.67 6.58 6.58 6.64 6.95 6.6 6.63 6.66 6.99 6.59 6.92
PID_A6B1_A6B4_INTEGRIN_PATHWAY 5.52 5.63 6.15 6.28 6 6.53 5.34 5.88 5.83 5.98 5.48 5.58 5.93 6.64 5.98 6.07 6 5.8 5.9 6.42 6.14 5.77 6.12 5.99 6.13 5.85 6.35 5.76 6.02 6.05 5.6 6.59 6.41 6.67 6.35 6.32 6.15 6.25 5.47
PID_SYNDECAN_2_PATHWAY 5.11 5.06 5.62 6.65 5.42 6.32 5.3 5.56 5.27 5.64 5.73 5.6 5.66 5.87 5.95 5.96 5.38 5.57 5.67 5.65 6.39 5.59 5.58 5.68 5.52 5.93 6.2 5.93 5.52 5.42 6.39 6.31 5.67 6.23 6.49 6.19 5.89 5.86 5.28
PID_RAC1_REG_PATHWAY 7.14 6.7 6.22 6.59 7.23 6.39 6.55 6.7 6.62 6.18 6.34 6.73 6.49 6.52 6.71 6.66 6.71 6.89 6.52 6.43 7.06 6.93 6.61 6.73 6.91 6.83 6.36 6.52 6.69 6.71 6.83 6.57 7.08 6.78 6.79 6.92 6.69 6.42 6.89
PID_AURORA_A_PATHWAY 5.74 5.83 6.21 6.26 6.47 6.3 5.91 5.67 6.33 5.73 5.59 6.16 5.89 6.59 6.2 5.84 6.24 6.09 5.75 6.24 6.36 6.65 6.09 6.24 6.21 6.32 6.26 5.88 6.18 5.85 6.5 6.26 6.41 6.69 6.45 6.01 6.36 6.19 5.91
PID_ARF_3PATHWAY 6.79 6.2 6.83 6.55 6.73 6.8 6.79 5.99 6.72 6.46 6.75 6.66 6.41 6.63 6.92 6.71 6.67 6.54 6.81 6.81 7 6.71 6.79 6.74 6.69 6.64 6.69 6.7 6.83 6.63 6.87 6.98 6.39 7.07 7.3 6.7 6.51 6.54 6.63
PID_INSULIN_GLUCOSE_PATHWAY 6.16 6.4 6.36 6.66 6.5 6.74 6.1 6.16 6.61 6.47 6.2 6.22 6.01 6.32 6.53 6.02 6.24 6.53 6.15 6.44 6.56 6.39 6.21 6.48 6.56 6.49 6.39 6.98 6.39 6.09 6.4 6.35 6.53 6.53 6.59 6.5 6.51 6.16 6
PID_PI3KCI_AKT_PATHWAY 6.61 6.61 6.72 6.98 6.91 7.02 6.79 6.52 7.02 6.86 6.56 6.47 6.65 7.01 6.73 6.63 6.45 6.63 6.73 6.73 6.84 6.81 6.51 6.93 6.99 6.91 6.83 6.67 6.58 7.09 7.36 6.75 6.59 7.18 6.69 6.66 6.69 6.97 6.45
PID_SYNDECAN_3_PATHWAY 5.52 6.37 7.03 6.86 6.8 6.9 5.85 6.55 6.56 6.92 6.02 5.5 6.46 7.31 6.89 6.93 6.39 6.46 6.66 6.96 7.11 6.76 6.98 6.53 5.79 6.74 7.25 6.37 6.29 7.19 6.3 7.27 6.67 6.48 7.1 7.12 7.02 6.73 6.6
PID_IL8_CXCR1_PATHWAY 5.09 5.12 5.11 6.1 5.06 5.88 5.17 5.88 5.13 5.49 5.48 5.08 4.45 5.27 5.87 5.08 5.07 5.41 5.13 5.45 6.06 5.09 5.35 5.1 5.5 5.09 5.99 6.45 5.12 5.14 5.74 5.51 5.05 5.59 6.36 5.49 5.05 6.19 5.07
PID_MYC_REPRESS_PATHWAY 5.95 5.97 6.29 6.78 6.06 6.18 5.91 6.23 5.98 6.18 5.98 5.89 6.12 6.14 6.11 6.17 5.94 6.26 6.2 6.42 6.67 6.12 6.04 6.24 6.27 6.02 6.33 6.31 5.88 6.04 6.28 6.54 6.03 6.51 6.45 6.15 6.23 6.54 5.9
PID_HIF1_TFPATHWAY 5.8 5.83 6.28 6.87 6.11 6.86 6.1 6.48 6.4 6.71 6.23 6.07 6 6.66 6.29 6.02 5.86 6.04 6.34 6.28 6.77 6.13 6.2 6.4 6.69 6.32 6.75 6.56 5.95 6.17 6.22 6.36 6.1 6.92 6.48 6.87 6.33 6.67 5.83
PID_TAP63_PATHWAY 4.51 4.71 5.07 4.86 4.69 4.67 4.97 4.79 4.81 5.03 4.96 4.87 5.07 4.83 4.81 5.03 4.68 4.68 4.85 5.07 4.67 4.65 4.79 4.81 4.85 4.76 4.95 5.04 4.71 4.96 4.77 4.77 5.03 4.89 4.74 4.88 5.26 5.09 4.62
PID_EPHRINB_REV_PATHWAY 5.16 5.04 4.92 5.46 5.13 5.16 5.05 5.65 5.13 5.38 5.44 4.94 4.97 5.1 5.77 4.89 5.28 5.25 4.96 5.03 6.07 5.28 5.15 5.2 5.24 5.25 6.09 5.69 5.17 5.15 5.25 5.16 4.99 5.41 5.94 5.75 5.51 5.9 5.24
PID_BARD1_PATHWAY 5.15 5.15 5.37 5.89 5.08 4.87 5.39 5.67 5.07 5.25 5.55 5.17 5.59 5.36 5.26 5.16 5.14 5.01 5.26 5.39 5.45 5.25 5.22 5.27 5.25 4.91 5.55 5.59 5.3 5.42 5.37 5.36 4.99 5.51 5.37 5.28 5.11 5.27 5.12
PID_P53_REGULATION_PATHWAY 6.39 6.34 6.32 6.66 6.78 6.62 6.2 6.27 6.43 6.68 6.02 6.36 6.29 6.45 6.3 6.35 6.61 6.74 6.19 6.16 6.7 6.56 6.48 6.28 6.38 6.52 6.26 6.46 6.44 6.35 6.57 6.14 6.59 6.28 6.14 6.11 6.2 6.55 6.77
PID_TOLL_ENDOGENOUS_PATHWAY 5.22 5.48 6.13 7.15 5.66 6.28 5.4 6.39 5.86 5.93 6.04 5.61 5.17 5.84 6.22 5.44 5.56 5.79 5.7 6.38 6.72 5.72 5.55 5.72 6.83 5.91 6.4 6.33 5.7 4.62 6.56 6.06 5.72 6.37 6.33 6 5.7 7.07 5.05
PID_NCADHERIN_PATHWAY 7.65 7.5 8.12 7.65 7.78 7.94 7.74 7.63 7.82 7.58 7.47 7.51 7.59 7.65 7.76 7.97 7.79 7.59 8.05 8.07 7.79 7.68 7.94 7.94 7.1 7.74 8.04 7.9 7.81 7.86 8.03 8.01 7.75 8 7.99 7.87 7.98 7.99 7.75
PID_ANTHRAX_PATHWAY 4.6 5.34 4.95 6.8 5.88 5.2 4.85 6.02 4.3 5.67 5.26 4.77 4.86 5.16 5.07 5.23 4.59 5.54 5.24 5.33 6.1 5.43 5.19 4.7 6.12 4.74 5.88 5.98 5.15 4.81 5 5 5.03 5.24 5.66 5.73 4.89 6.29 4.91
PID_S1P_S1P2_PATHWAY 6.53 6.55 6.94 6.99 6.6 7.14 6.32 6.66 6.55 6.72 6.47 6.83 6.81 6.77 6.92 6.73 6.47 6.84 6.67 6.71 6.92 6.61 6.55 6.8 6.78 6.41 6.79 6.5 6.66 6.65 6.89 6.62 6.53 6.88 6.74 6.87 6.86 6.83 6.63
PID_RAS_PATHWAY 6.87 6.81 6.42 7.06 6.69 6.85 6.7 6.62 6.67 6.43 6.48 7.07 6.57 6.52 6.42 6.92 6.66 6.75 6.59 6.47 6.61 6.83 6.23 6.46 6.75 6.76 6.51 6.69 7.02 6.51 6.77 6.59 6.58 6.82 6.38 6.46 6.52 6.59 6.97
PID_MAPK_TRK_PATHWAY 6.07 6.03 6.24 6.62 6.4 6.1 5.96 5.66 6.11 5.89 5.83 5.91 5.89 5.92 6.19 5.97 5.79 6.08 5.86 5.88 6.58 6.48 6.04 5.8 5.77 6 6.03 5.92 5.68 5.69 5.91 5.94 5.95 5.98 5.97 5.9 5.96 6.51 5.92
PID_PI3K_PLC_TRK_PATHWAY 5.86 5.63 5.98 6.1 6.15 6.16 5.97 5.92 6.13 5.89 5.93 5.86 6.03 5.95 6.16 6.06 6 5.96 5.91 6.38 6.06 6.06 5.93 6.41 5.86 6.34 6.2 5.96 6.03 5.96 6.13 6.38 6.07 6.32 5.88 5.88 6.15 6.19 5.98
PID_CD8_TCR_DOWNSTREAM_PATHWAY 3.47 3.66 3.72 3.49 3.71 3.33 3.82 3.69 3.6 3.63 3.96 3.69 3.9 3.55 3.66 3.62 3.66 3.75 3.76 3.7 3.47 3.55 3.64 3.66 3.63 3.62 3.45 3.93 3.7 3.66 3.71 3.84 3.49 3.65 3.73 3.56 3.59 3.59 3.64
PID_EPHA2_FWD_PATHWAY 6.3 6.29 6.21 6.59 6.79 6.27 6.1 6.15 6.12 6.43 5.7 6.13 6.21 6.3 6.27 6.08 6.14 6.7 6.23 5.97 6.57 6.44 6.69 6.32 5.49 6.21 6.67 6.32 6.03 6.05 6.35 6.22 6.45 6.47 6.24 6.3 6.4 6.76 6.14
PID_LYMPH_ANGIOGENESIS_PATHWAY 6.09 6.13 6.48 6.63 6.28 6.5 6.14 6.03 6.28 6.16 5.85 6.25 6.09 6.27 6.52 6.09 6.14 6.15 6.16 6.46 6.73 6.35 6.06 6.43 6.53 6.23 6.51 6.34 6.12 6.31 6.52 6.41 6.29 6.63 6.45 6.17 6.28 6.39 5.91
PID_ALPHA_SYNUCLEIN_PATHWAY 7 6.8 7.11 6.93 6.89 6.8 6.44 6.16 6.48 6.86 6.4 6.26 6.47 6.64 6.98 7.08 7.01 6.76 7.01 6.58 7.1 7.1 6.65 6.41 6.83 6.47 6.95 6.71 6.5 6.73 6.81 6.59 6.84 6.59 7.22 6.59 6.84 6.45 6.96
PID_FGF_PATHWAY 5.81 5.98 6.22 6.28 6.14 6.31 5.75 6.24 5.78 6.33 5.77 5.9 6.15 6.46 6.39 6 6 5.98 6.06 6.22 6.61 6.07 5.96 6.39 6.24 6.14 6.33 5.95 6.03 6.2 6.13 6.08 6.08 6.32 6.37 6.5 6.18 6.22 5.99
PID_INTEGRIN_A4B1_PATHWAY 7.49 7.54 7.5 7.83 7.64 7.91 7.03 7.53 7.37 7.56 7.44 7.17 7.39 7.69 7.78 7.42 7.66 7.51 7.37 7.54 7.83 7.45 7.41 7.24 7.7 7.73 7.58 7.68 7.43 7.17 7.81 7.58 7.64 8.02 7.79 7.8 7.4 7.37 7.48
PID_RAC1_PATHWAY 6.87 7.1 7.32 7.39 7.5 7.52 6.89 7.23 6.91 7.38 7.09 6.93 7.04 7.37 7.21 7.16 7.14 7.53 7.06 7.17 7.51 7.43 7.06 7.14 7.42 7.34 7.58 7.39 7.04 6.92 7.64 6.84 7.52 7.22 7.38 7.32 7.16 7.6 6.52
PID_RB_1PATHWAY 5.59 5.63 5.88 6.12 5.91 6.11 5.71 5.68 5.54 5.65 5.66 5.51 5.78 5.81 6.07 5.56 5.58 5.79 5.66 6.12 5.86 5.75 5.75 6.02 5.51 5.57 5.98 5.92 5.48 5.56 5.76 5.79 5.67 5.95 5.83 5.91 5.8 5.83 5.37
PID_FAK_PATHWAY 6.28 6.51 6.66 7.09 6.37 6.97 6.38 6.18 6.56 6.51 6.38 6.32 6.26 6.64 6.74 6.46 6.32 6.4 6.69 6.54 7.21 6.64 6.57 6.49 6.77 6.4 6.58 6.4 6.24 6.46 6.64 6.57 6.6 6.96 6.77 6.63 6.57 6.56 6.2
PID_TGFBR_PATHWAY 6.12 6.12 6.49 6.68 6.34 6.61 6.2 6.49 6.38 6.27 6.47 6.27 6.16 6.38 6.32 6.21 6.27 6.35 6.47 6.29 6.62 6.31 6.38 6.53 6.29 6.34 6.52 6.87 6.37 6.01 6.61 6.5 6.07 6.54 6.38 6.37 6.34 6.55 6.03
PID_HES_HEY_PATHWAY 5.86 5.96 6.3 6.55 6.25 6.65 6.22 6.39 6.03 6.2 5.99 6.17 6.64 6.25 6.55 6.21 6.06 6.18 6.15 6.34 6.6 6.24 6.02 6.3 6.43 6.42 6.24 6.35 6.35 5.88 6.39 6.5 6.19 6.37 6.32 6.39 6.19 6.25 5.77
PID_IL12_STAT4_PATHWAY 3.43 3.84 3.8 4.74 4.03 3.75 3.79 3.69 3.94 3.99 3.96 3.79 3.92 3.74 4.4 4.07 3.85 4.21 3.77 4.05 4.41 4.05 3.82 3.71 4.25 3.71 3.96 3.99 3.7 3.86 3.87 4.34 3.87 4.57 4.51 4.28 3.91 4.19 3.55
