KEGG_N_GLYCAN_BIOSYNTHESIS 4.55 3.39 -0.89 -4.44 2.92 -2.03 0.86 -4.64 0.12 -2.5 -3.09 1.95 -1.03 1.5 -0.44 2.87 2.86 2.19 1.01 -0.18 -2.95 2.21 -0.96 -0.2 -3.28 0.6 -2.57 -4.8 1.14 2.28 -2.75 1.32 1.78 2.03 0.08 -0.74 0.75 -2.96 4.05
KEGG_OTHER_GLYCAN_DEGRADATION -0.35 -1.08 0.42 -4.08 -0.19 -4.16 2.68 -2.57 -0.09 0.2 0.64 0.31 3.78 0.75 0.22 0.67 0.22 -2.14 0.76 0.98 -2.44 -0.22 1.66 1.39 -3.5 1.08 -0.94 -1.78 0.83 4.2 0.51 -0.71 0.3 -0.52 -0.04 1.83 1.87 -0.63 0.13
KEGG_O_GLYCAN_BIOSYNTHESIS -0.89 1.39 1.16 -3.13 -2.76 -3.02 4.89 1.95 -0.36 0.38 4.42 2.01 4.85 -0.59 2.01 -1.26 -1.56 -3.53 2.07 1.25 -4.63 -1.98 1 2.26 1.23 -0.11 -0.86 2.78 1.46 3.3 0.36 0.87 -4.12 -1.01 -1.18 0.02 -2.73 -2.89 -3.05
KEGG_GLYCOSAMINOGLYCAN_DEGRADATION -2.47 -0.53 -0.69 -4.63 -2.17 -3.51 3.98 2.79 0.24 1.69 2.75 1.44 6.88 0.34 1.31 -0.92 -2.21 -2.44 0.98 0.09 -4.44 -1.92 -0.63 3.2 0.92 0.28 -1.52 1.52 0.27 5.09 1.51 0.69 -2.34 -0.05 -1.21 1 -0.65 -2.66 -2
KEGG_GLYCOSAMINOGLYCAN_BIOSYNTHESIS_KERATAN_SULFATE 3.88 1.68 -0.7 0.1 2.1 0.39 -2.35 -2.33 0.69 0.35 -5.18 -0.03 -3.11 0.33 -0.25 1.28 2.19 2.44 -0.23 -0.95 1.7 1.4 -0.03 -1.8 -1.41 0.62 -0.09 -3.18 0.45 -2.18 -0.91 -1.82 3.17 -0.55 -0.65 -1.14 1.69 1.19 3.23
KEGG_GLYCEROLIPID_METABOLISM 2.97 -0.28 -1.54 4.27 3.69 2 -8.35 -3.4 0.75 -2.12 -5.29 -2.31 -7.21 0.94 -1.03 1.39 3.4 3.01 -2.2 -0.87 6.82 3.13 -0.15 -3.57 -2.41 0.24 0.85 -2.9 -1.68 -6.68 -1.99 -0.6 5 2.39 2.08 -0.03 3.28 4.49 3.91
KEGG_GLYCOSYLPHOSPHATIDYLINOSITOL_GPI_ANCHOR_BIOSYNTHESIS -3.44 -2.31 -0.58 1.38 -2.55 -1.57 2.26 3.36 -2.44 1.93 1.88 -0.87 3.3 -0.52 0.08 -1.6 -2.62 -1.45 -0.03 -0.01 -0.16 -2.83 -0.81 3.44 1.72 -1.01 2.03 2.46 0.37 1.98 2.52 -0.45 -1.97 -0.44 -0.09 1.24 -0.83 2.02 -3.41
KEGG_GLYCEROPHOSPHOLIPID_METABOLISM -6.03 -1.61 -0.24 -1.96 -6.07 -3.98 7.2 4.35 -0.36 2.89 5.2 1.64 9.56 0.82 1.35 -1.88 -4.6 -4.18 0.95 0.92 -5.4 -5.29 -0.6 4.15 2.89 -0.07 -0.17 4.05 1.89 5.73 1.97 1.85 -5.47 0.25 -1.07 0.65 -3.42 -0.81 -5.11
KEGG_ETHER_LIPID_METABOLISM 3.16 0.47 -0.27 3.74 3.78 3.12 -5.42 -2.81 1.31 -1.48 -5.64 -0.63 -5.87 0.21 -0.75 1.19 2.48 2.66 -1.8 -0.93 4.66 2.35 -1.25 -2.49 -1.27 0.59 1.76 -3.77 -0.54 -4.12 -2 -2.19 4.1 0.86 0.01 -0.74 2.56 2.25 2.72
KEGG_ARACHIDONIC_ACID_METABOLISM -3.59 -0.08 1.06 -3.85 -4.5 -4.29 9.55 3.41 -1.12 1.43 7.67 1.02 7.65 -1.04 2.12 -1.6 -3.98 -3.45 4.16 2.39 -7.17 -3.52 1.59 3.35 1.16 -0.71 -1.65 4.44 1.13 5.82 2.76 2.19 -6.72 -2.84 -0.26 0.62 -4.59 -5.03 -3.51
KEGG_LINOLEIC_ACID_METABOLISM -3.17 0.25 1.1 -4.29 -3.95 -3.54 6.51 2.94 -0.98 1.86 6.31 1.31 6.97 -0.73 1.57 -1.46 -3.66 -2.65 3.45 1.53 -5.7 -3.02 2.16 3.4 0.62 -0.76 -1.57 3.35 1.55 4.87 3.57 2.11 -5.8 -1.98 0.34 0.08 -4.48 -4.59 -3.55
KEGG_ALPHA_LINOLENIC_ACID_METABOLISM -1.85 0.21 0.69 -2.31 -2.95 -3.3 3.65 2.01 -0.99 1.45 4.2 0.26 4.45 -0.13 1.96 -1.13 -2.17 -1.8 2.77 0.3 -3.76 -2.27 2 1.94 0.37 -0.82 -1.74 2.28 0.3 3.68 2.1 1.72 -4.01 -0.69 -0.42 -0.12 -2.34 -2.34 -1.15
KEGG_SPHINGOLIPID_METABOLISM 6.34 3.71 0.85 1.08 3.08 0.09 -3.4 -3.19 -1.18 -1.83 -3.66 -1 -2.83 -0.99 -1.08 1.56 3.4 3.4 1.92 -1.27 2.36 2.49 1.62 -2.16 -2.83 0.01 -1.28 -2.56 -0.79 -2.45 -2.14 -0.18 2.45 -1.92 0.36 -2.25 0.67 -0.75 4.39
KEGG_GLYCOSPHINGOLIPID_BIOSYNTHESIS_LACTO_AND_NEOLACTO_SERIES 2.17 0.21 -1.88 3.97 2.19 3.82 -6.39 -2.08 -0.34 -0.31 -6.29 -1.65 -5.16 0.63 -1.14 0.19 3 3.1 -2.45 -1.89 6.77 1.52 -0.37 -2.26 -2.24 -0.09 1.88 -2.56 -1.64 -4.98 -0.64 -2.04 5.37 1.34 0.81 -0.11 2.78 3.97 2.78
KEGG_GLYCOSPHINGOLIPID_BIOSYNTHESIS_GLOBO_SERIES -2.01 0.06 0.97 -3.17 -1.7 -2.45 4.12 1.51 0.74 0.35 3.2 0.38 3.4 -0.39 0.73 -0.99 -2.48 -3.73 1.43 1.18 -4.27 -0.69 0.84 2.19 1.16 0.68 -1.09 2.14 1.21 3.68 1.62 2.14 -3.43 -1.05 -0.9 0.44 -1.29 -1.89 -2.66
KEGG_GLYCOSPHINGOLIPID_BIOSYNTHESIS_GANGLIO_SERIES -2.05 -1.91 0.85 -2.06 -2.08 -0.86 3.2 2.39 -1.85 1.04 1.52 -1.08 2.81 0.22 0.66 0.56 -1.26 -3.59 0.57 1.58 -2.63 -2.09 1.31 2.09 0.81 0.26 -0.16 0.69 0.07 4.42 1.55 0.52 -2.78 -1.49 -0.79 1.69 0.79 -0.01 -2.94
KEGG_RIBOFLAVIN_METABOLISM -2.76 -1.39 -0.82 -1.98 -1.53 -3.32 3.37 1.03 -0.19 0.39 2.11 0.9 2.15 2.53 0.77 -1.09 -2.42 -2.81 -1.3 1.62 -3.13 -1.18 -1.09 1.23 2.55 -0.09 0.81 1.76 0.09 2.31 0.33 2.82 -2.23 3.87 0.78 0.97 -1.05 -0.97 -3.03
KEGG_NICOTINATE_AND_NICOTINAMIDE_METABOLISM 0.28 0.83 -0.1 -3.78 0.3 -2.27 3.72 1.59 -0.07 -2.84 2.64 1.78 2.46 -0.27 -0.52 0.92 -0.52 -1.18 1.34 0.6 -4.76 0.34 1.24 1.67 -1.42 0.67 -2.9 2.14 1.21 2.82 -0.66 2.65 -1.07 -1.83 -1.51 -0.47 -0.66 -3.28 0.89
KEGG_PANTOTHENATE_AND_COA_BIOSYNTHESIS -2.84 0.17 -0.17 -1.61 -1.4 -1.47 3.59 0.82 -0.06 0.02 1.97 2.23 3.02 1.04 1.21 -0.86 -2.74 -0.6 0.13 0.6 -4.1 -1.47 -0.53 1.09 1.24 -0.27 -0.67 1.03 1.25 4.65 0.54 1.37 -2.07 0.74 0.3 0.9 -1.59 -2.42 -3.06
KEGG_AMINOACYL_TRNA_BIOSYNTHESIS -1.52 -0.75 -0.1 -0.95 -2.25 -2.48 3.08 2.89 -0.88 1.29 3.9 0.01 4.51 -0.31 1.02 -1.73 -1.77 -2.01 1.84 0.37 -3.46 -0.24 0 1.36 0.94 -1.14 -0.5 1.63 -0.03 3.13 0.48 0.54 -2.52 0.28 0.06 0.48 -0.97 -1.38 -2.83
KEGG_BASAL_TRANSCRIPTION_FACTORS 2.36 -0.49 -2.02 2.14 3.56 -0.29 -5.27 -5.25 0.91 -1.91 -2.73 -0.03 -5.37 0.33 -0.77 2.38 3.71 1.5 -1.58 -1.1 4.23 3.85 -0.18 -3.95 -0.38 0.91 -0.78 -3.8 -1.56 -3.03 -2.86 -0.63 4.08 2.51 1.43 1.1 2.27 3.01 3.67
KEGG_NON_HOMOLOGOUS_END_JOINING -1.93 -0.9 1.47 -1.71 -2.77 -0.37 2.73 1.18 -2.36 1.52 3.29 -0.42 2.55 1.3 0.35 -0.56 -1.95 -2.32 1.5 1.47 -3.6 -2.32 0.77 0.62 0.21 -1.63 -0.16 1.99 0.11 3.04 2 2 -2.26 1.09 0.13 1.57 -0.58 -1.79 -3.26
KEGG_SNARE_INTERACTIONS_IN_VESICULAR_TRANSPORT -6.64 -1.71 -1.33 -1.09 -3.41 -0.39 3.83 2.96 -1.02 0.62 1.98 -0.14 4.96 2.64 1.78 -2.17 -4.27 -2.68 -1.63 0.96 -2.24 -2.67 -1.62 3.23 4.33 -0.27 1.87 2.32 -0.29 4.17 1.87 1.39 -3.97 3.84 1.22 1.48 -0.93 -0.62 -6.36
KEGG_LYSOSOME -11.24 -6.06 0.16 3.58 -7.77 -1.05 5.72 7.95 -2.57 2.6 6.79 -2.1 6.36 0.25 2.87 -3.33 -6.67 -5.14 -0.37 2.85 -2.73 -6.31 -1.56 4.88 5.62 -1.66 2.79 6.68 0.15 4.06 3.77 2.01 -6.33 1.09 2.03 3.62 -2.16 2.01 -10.81
KEGG_CARDIAC_MUSCLE_CONTRACTION 6.33 1.46 -2.02 3.93 5.44 3.3 -8.81 -3.58 3.51 -1.02 -7.73 0.28 -7.93 0 -2 1.85 5.15 5.24 -3.48 -5.57 6.78 4.17 -0.56 -3.65 -2.58 1.44 0.1 -5.46 -0.87 -6.83 -1.26 -3.86 6.1 0.97 -0.72 -1.77 3.28 3.2 7.15
KEGG_RENIN_ANGIOTENSIN_SYSTEM -2.68 1.06 1.64 -2.01 -3.03 -3.08 5.91 2.5 -0.63 1.24 5.23 1.57 5.22 -0.95 0.82 -1.93 -2.65 -2.99 3.11 1.57 -5.71 -2.6 0.23 3.4 1.32 0.32 -1.09 3.43 1.23 3.99 1.31 1 -3.93 -3.28 -1.19 0.02 -3.3 -2.64 -2.46
KEGG_CIRCADIAN_RHYTHM_MAMMAL -3.54 -1.28 0.24 0.21 -1.91 -0.53 1.82 0.35 -1.92 1.64 0.44 0.47 3.04 2.1 0.83 -2.26 -3.23 -1.15 -1.38 -0.34 -0.85 -1.09 0.83 1.37 -0.46 -0.42 1.91 -1.29 -0.51 2.35 1.23 -0.27 -0.61 1.67 1.11 1.88 1.48 1.78 -3.69
KEGG_TASTE_TRANSDUCTION -2.65 1.6 1.16 -4.86 -4.77 -4.12 7.66 3.04 -0.58 1.7 7.3 1.91 7.74 -0.67 1.62 -2.63 -3.61 -3.61 2.55 1.76 -7.53 -3.27 0.94 3.36 3.05 -0.77 -1.66 4.11 1.92 5.14 2.3 1.99 -5.51 -1.71 -0.7 -0.07 -3.94 -4.27 -3.92
KEGG_PROXIMAL_TUBULE_BICARBONATE_RECLAMATION -3.44 -1.15 -0.57 -1.5 -4.13 -1.44 6.49 3.8 -0.63 0.77 5.71 -0.02 5 -0.89 0.27 -1.6 -3.67 -2.02 0.34 1.59 -4.49 -3.26 -0.9 2.02 3.91 -0.25 -0.39 4.93 -0.05 4.11 1.95 1.56 -3.79 -0.01 -0.59 0.23 -1.87 -1.06 -4.94
KEGG_PATHOGENIC_ESCHERICHIA_COLI_INFECTION -8.67 -4.01 0.48 2.87 -6.76 -0.93 5.94 7.09 -0.04 2.45 5.35 -1.57 2.46 0.1 1.06 -3.66 -5.87 -4.13 -1.2 3.44 -2.99 -6.04 -0.66 5.1 6.02 0.33 1.71 4.59 -0.54 1.24 3.95 0.93 -2.8 0.92 -0.13 3.47 -0.5 0.68 -9.67
KEGG_SYSTEMIC_LUPUS_ERYTHEMATOSUS 2.96 -0.33 3.3 -7.68 1.29 -5.22 6.74 -1.72 1.67 -0.08 0.8 3.88 10.06 -0.52 -2.63 0.95 1.87 -4.54 3.36 1.84 -8.82 0.53 2.13 3.76 -4.3 0.78 -5.06 -0.98 4.19 8.86 1.02 0.38 -2.14 -3.78 -4.9 -1.46 -1.56 -6.81 2.15
KEGG_PRIMARY_IMMUNODEFICIENCY -2.05 0.86 1.42 -4.59 -4.09 -4.77 6.44 2.43 -0.26 1.31 7.23 0.88 7.57 0.32 2.16 -1.93 -3.61 -2.07 3.54 2.05 -7.62 -3.06 0.71 3.43 0.13 -1.23 -1.74 5.15 1.67 5.66 1.35 1.17 -5.33 -1.2 -0.27 0.51 -3.54 -4.61 -4.04
KEGG_HYPERTROPHIC_CARDIOMYOPATHY_HCM -3.34 0.08 2.5 -6.29 -5.62 -4.44 11.25 3.6 -0.94 2.72 7.81 2.34 11.07 -0.58 1.69 -2.73 -5.47 -5.7 4.66 3.5 -10.28 -4.37 1.58 4.87 3.01 -0.37 -1.98 5.36 2.46 7.73 2.79 2.16 -7.2 -3.44 -1.06 0.5 -5.07 -6.56 -6.24
KEGG_ARRHYTHMOGENIC_RIGHT_VENTRICULAR_CARDIOMYOPATHY_ARVC 4.09 0.99 -1.53 4.24 4.7 2.95 -9.63 -3.62 0.89 -2.07 -6.14 -1.62 -8.99 -0.67 -1.53 2.2 5.62 5.09 -3.15 -3.03 8.07 4.16 -0.33 -4.18 -2.25 0.78 1.49 -5.72 -2.27 -5.49 -3.39 -2.21 6.3 1.6 1.4 -0.63 4.09 3.89 5.93
KEGG_DILATED_CARDIOMYOPATHY -3.37 0.04 2.24 -6.34 -5.38 -3.85 11.16 3.53 -0.92 2.87 7.79 2.21 10.94 -0.55 2.02 -2.6 -5.31 -5.45 4.63 3.59 -10.18 -4.36 1.27 4.75 3.15 -0.56 -1.83 5.48 2.17 7.29 2.34 2.13 -7.48 -3.08 -1.33 -0.19 -4.73 -6 -6.06
KEGG_GLYCOLYSIS_GLUCONEOGENESIS 5.94 3 -0.88 2.01 6.3 2.47 -10.6 -5.8 2.39 -1.92 -10.55 1.06 -6.67 1.86 -0.94 3.4 5.03 5.28 -2.06 -3.15 6.1 4.81 0.25 -5.53 -3.21 1.34 0.03 -8.43 -0.94 -4.28 -3.31 -2.46 5.78 2.3 0.37 -2.31 3.64 2.42 7.26
KEGG_CITRATE_CYCLE_TCA_CYCLE -6.32 -3.79 -0.32 0.38 -4.94 -2.36 4.46 3.71 -5.05 1.43 6.63 -3.74 4.01 0.49 1.46 -1.73 -3.63 -4.36 0.11 3.37 -2.38 -3.78 -1.56 2.29 2.75 -2.25 2.36 5.24 -0.98 3.49 0.97 3.16 -2.38 2.21 2.27 4.28 -0.29 2 -7.2
KEGG_PENTOSE_PHOSPHATE_PATHWAY -4.18 -2.7 0.72 1.47 -3.53 -1.21 5.14 3.18 -2.07 1.3 5.57 -0.7 3.14 -1.68 0.02 -1.43 -2.98 -3.54 1.17 2.39 -2.05 -2.77 -0.09 3.03 2.1 -1.25 -0.23 4.64 0.11 1.36 3.19 1.66 -3.51 -1.26 0.55 1.63 -1.85 -0.24 -5.13
KEGG_PENTOSE_AND_GLUCURONATE_INTERCONVERSIONS -3.2 0.68 1.43 -2.29 -2.86 -0.58 4.34 2.87 -1.69 1.47 4.82 0.25 5.32 -0.06 0.55 -1.98 -2.86 -2 2.23 1.57 -4.07 -2.86 0.37 2.58 1.37 -0.45 -0.52 4.22 1.67 2.75 2.51 0.84 -4.03 -1.83 -0.76 -0.31 -3.43 -2.54 -3.5
KEGG_FRUCTOSE_AND_MANNOSE_METABOLISM -4.49 -2.89 0.7 0.29 -4.18 -2.41 4.85 3.69 -1.81 1.97 6.85 -0.5 5.12 -1.08 0.95 -1.64 -2.97 -3.92 1.2 2.04 -3.5 -3.47 -0.04 3 1.18 -1.25 -0.2 5.43 1.14 3.62 2.01 0.93 -3.67 -1.94 0.84 1.38 -2.1 -0.03 -5.06
KEGG_GALACTOSE_METABOLISM 4.17 2.76 0.14 3.6 3.7 1.12 -5.5 -3.93 1.79 -1.08 -6.51 0.66 -4.51 0.56 -0.66 1.81 2.61 3.78 -1.08 -1.58 3.42 2.77 -0.14 -3.31 -1.53 0.32 0.43 -4.69 -1.68 -3.42 -1.13 -1.37 3.13 2.2 -1.61 -2.53 2 0.58 4.71
KEGG_ASCORBATE_AND_ALDARATE_METABOLISM -1.76 1.02 0.75 -2.59 -2.02 -0.84 4.3 2.23 -0.54 0.73 4.85 0.69 5.04 -0.67 0.21 -1.82 -2.04 -2.19 1.95 0.38 -3.62 -2.09 -0.06 2.78 1.03 0.06 -1.5 4.2 1.73 2.82 2.99 0.41 -3.64 -2.3 -1.01 -0.67 -3.49 -3.14 -2.21
KEGG_FATTY_ACID_METABOLISM -4.14 -0.23 2.22 -1.26 -3.58 0.93 5.12 2.96 -0.15 2.06 2.82 0.59 5.44 1.08 0.87 -2.32 -3.7 -1.98 -0.57 1.82 -5.01 -2.79 0.3 1.98 2.38 -0.79 0.59 0.13 0.59 5.44 1.31 2.6 -3.06 0.31 -1.04 -0.71 -1.83 -2.99 -5.35
KEGG_STEROID_BIOSYNTHESIS -3.58 -2.59 0.62 -1.07 -3.96 -3.09 1.19 1.68 -3.82 0.91 3.05 -2.93 2.56 2.18 3.82 -1.7 -2.79 -2.83 0.74 1.52 -1.45 -2.5 0.44 2.97 1.5 -2.75 0.69 2.61 -1.16 3.88 2.67 3.32 -1.08 2.73 3.07 0.75 -0.96 -0.63 -4.01
KEGG_PRIMARY_BILE_ACID_BIOSYNTHESIS -2.36 0.6 0.23 -3.94 -3.26 -0.93 5.01 3.3 -0.11 0.51 3.43 1.62 5.17 0.47 0.36 -1.52 -2.19 -1.16 0.49 0.35 -4.04 -2.51 -0.77 2.9 2.32 0.6 -0.34 3.31 2.01 1.77 1.4 -0.09 -2.79 -0.72 -1.67 -0.29 -2.25 -2.12 -2.79
KEGG_STEROID_HORMONE_BIOSYNTHESIS 3.66 -1.47 -1.63 6.48 4.37 4.08 -9.18 -3.9 0.79 -1.86 -9.34 -1.9 -8.99 0.49 -1.29 2.93 4.42 3.93 -3.94 -1.83 8.85 4.6 -1.15 -5.41 -2.48 0.41 1.73 -5.27 -2.55 -6.23 -4.38 -1.09 7.4 2.58 0.78 0.12 5.68 6 4.59
KEGG_OXIDATIVE_PHOSPHORYLATION -10.44 -7.8 2.33 -0.69 -6.32 -3.05 6.12 1.35 -9.78 -5.11 11.16 -6.19 -2.08 0.08 2.81 -3.44 -3.1 -7.43 -0.3 9.91 1.28 -1.51 -2.1 3.96 -1.56 -2.55 5.65 7.62 -1.85 1.44 -0.73 11.07 -1.53 3.43 7.84 11.76 0.32 0.05 -10.59
KEGG_PURINE_METABOLISM -6.73 -1.43 2.99 -6.28 -6.55 -5.56 10.11 5.23 -2.66 1.55 9.86 0.26 9.85 -0.48 2.19 -2.4 -5.75 -6.43 3.26 5.16 -8.99 -5.48 0.56 5.56 3.56 -1.32 0.34 5.56 1.83 8.39 2.93 4.88 -7.28 -1.21 1.46 1.84 -4.78 -5.66 -8.37
KEGG_PYRIMIDINE_METABOLISM -7.13 -1.37 1.97 -2.99 -5.43 -1.24 7.17 4.55 -1.96 1.31 5.26 0.01 6.1 0.08 2.18 -1.51 -6.21 -3.8 1.87 3.17 -6.98 -4.71 0.34 3.86 3.39 -1.38 0.77 3.49 1.49 6.14 2.3 4.41 -5.61 1.05 1.63 2.1 -2.63 -3.3 -8.39
KEGG_ALANINE_ASPARTATE_AND_GLUTAMATE_METABOLISM 5.12 2.14 0.33 2.13 3.31 1.68 -6.5 -3.61 2.07 -2.22 -4.96 -0.01 -4.92 0.23 -0.74 0.9 3.3 3.06 0.27 -1.53 3.38 3.2 1.25 -2.4 -2.49 1.03 -1.03 -4.54 -0.16 -4.11 -0.75 -2 3.62 -0.27 -0.74 -2.06 1.62 0.46 5.94
KEGG_GLYCINE_SERINE_AND_THREONINE_METABOLISM 1.66 1.11 -1.24 2.06 1.99 2.79 -3.56 -1.56 1.6 -0.46 -5.03 0.16 -5.26 0.96 -0.43 1.73 1.86 2.99 -2.11 -3.22 4.88 2.27 -0.85 -2.3 -1.34 1.64 0.56 -1.58 -0.96 -3.86 -1.52 -1.49 1.72 1.73 0.12 -1.44 0.99 2.03 3.37
KEGG_CYSTEINE_AND_METHIONINE_METABOLISM -4.59 -1.5 0.99 -3.02 -4.07 -1.57 7.83 2.94 0.65 0.85 6.09 0.09 4.59 -0.26 0.65 -2.18 -3.74 -2.83 1.46 1.98 -4.83 -3.54 0.11 4.7 1.08 -0.18 -0.14 4.76 0.75 2.51 2.53 2.61 -4.69 -0.49 0.52 0.08 -3.14 -2.38 -4.64
KEGG_VALINE_LEUCINE_AND_ISOLEUCINE_DEGRADATION 5.41 1.74 -0.71 2.78 3.96 0.17 -6.11 -2.22 0.94 -1.83 -3.38 0.55 -5.22 -1.85 -1.27 2.13 4.1 2.89 -0.47 -2.44 5.57 3.66 1.62 -2.09 -1.6 0.63 -1.76 -2.48 -0.92 -6.2 -1.02 -3.37 2.01 -1.77 -0.8 -0.91 1.08 2.4 6.75
KEGG_LYSINE_DEGRADATION -3.72 -0.42 0.28 -1.74 -3.64 -2.28 7.44 2.25 -0.13 -0.62 4.76 -0.36 5.67 -0.14 0.21 -1.53 -2.79 -2.35 -0.07 1.25 -4.91 -2.03 -1.23 2.82 2.11 0 -0.35 2.75 0.41 3.98 1.75 2.85 -2.29 0.21 1.32 0.43 -1.7 -3.85 -4.36
KEGG_ARGININE_AND_PROLINE_METABOLISM -5.69 -2.22 0.72 -3.32 -3.53 -0.09 5.71 3.98 -2.19 2.6 5.12 -0.07 6.05 -0.31 1.19 -1.44 -3.93 -3.31 0.19 2.6 -5.41 -3.95 0.16 3.55 1.67 -1.39 1.27 3.4 0.44 4.19 1.88 2.99 -2.97 -0.75 -0.03 2.09 -1.73 -0.56 -6.9
KEGG_HISTIDINE_METABOLISM 1.81 1.53 0.53 2.52 2.01 1.77 -6.35 -2.29 -0.37 0.48 -4.91 -0.33 -4.22 2.13 -0.5 0.83 1.99 2.69 -0.9 -1.88 3.74 1.1 0.88 -2.65 -1.54 -1.49 1.42 -4.09 -0.96 -2.8 -1.02 -1.09 2.35 2.2 1.03 -0.67 2.09 2.29 2.67
KEGG_TYROSINE_METABOLISM 2.93 0.57 -1.24 5.11 4.21 4.23 -8.79 -3.92 0.37 -1.22 -6.14 -1.5 -8.62 0.68 -1.18 2.94 3.85 4.58 -2.09 -3.79 7.42 3.82 -0.46 -3.84 -2.71 0.02 1.32 -3.95 -2.5 -6.22 -1.3 -2.2 4.76 2.5 0.83 -1.34 3.27 4.23 5.37
KEGG_PHENYLALANINE_METABOLISM 1.93 0.93 -0.66 3.21 2.68 2.11 -7.05 -2.33 0.98 -0.25 -4.4 -0.73 -6.18 1.46 -0.46 1.86 2.65 3.09 -1.61 -2.11 4.52 2.92 -0.41 -2.6 -1.65 0.37 0.95 -3.56 -2.54 -4.12 -0.45 -1.98 3.12 2.33 0.96 -0.57 1.62 2.5 3.47
KEGG_TRYPTOPHAN_METABOLISM 2.5 0.23 -0.52 3.16 3.51 3.35 -6.7 -3.3 0.3 -0.43 -5.91 -0.99 -6.35 1.17 -0.6 2.67 3.57 2.34 -2 -2.22 5.54 3.01 -0.06 -2.65 -1.6 0.03 1.68 -4.87 -2.23 -5.1 -3.57 -1.48 3.99 2.1 0.86 -0.61 3.28 4.38 3.51
KEGG_BETA_ALANINE_METABOLISM -2.86 -1.11 0.08 -2.83 -1.3 -0.95 5.79 2.53 0.24 0.42 2.82 0.75 4 -1.47 0.27 -1.61 -1.75 -2.7 0.83 1.91 -3.16 -1.23 -0.64 3.29 1.65 -0.64 0.62 2.07 1.86 3.06 0.15 0.28 -3.19 -0.74 -0.55 0.2 -2.39 -1.65 -2.07
KEGG_SELENOAMINO_ACID_METABOLISM -2.65 -2.03 0.89 -1.82 -1.53 -1 3.06 -0.27 -1.12 -0.5 1.34 -0.9 -0.06 2.54 1.51 -0.49 -1.67 -3.35 0.37 3.31 -2.29 -1.3 -1.88 0.41 0.96 -0.29 0.83 1.11 -0.23 2.91 0.46 4.97 -1.68 3.82 2.13 0.92 -2.56 -0.4 -3.52
KEGG_GLUTATHIONE_METABOLISM -4.31 -1.37 1.87 -3.42 -3.23 -1.9 9.27 3.21 -0.95 -0.35 4.87 0.35 3.77 -0.33 0.94 -1.63 -3.46 -3.43 1.42 4.28 -5.67 -2.17 0.61 3.84 0.83 -0.04 -0.43 3.23 -0.34 1.76 2.64 1.81 -4.15 -0.04 0.37 1.46 -1.78 -3.39 -4.13
KEGG_STARCH_AND_SUCROSE_METABOLISM 4.16 0.78 -0.98 2.41 5.06 2.83 -8.39 -4.39 0.83 -1.56 -7.19 -1.06 -7.42 0.48 -1.05 3.14 4.15 3.88 -2.23 -1.01 7.2 4.21 -0.87 -4.37 -3.22 -0.07 1.06 -5.69 -2.27 -3.77 -4.19 -0.79 5.98 2.55 0.6 -0.52 3.61 3.19 4.94
KEGG_AMINO_SUGAR_AND_NUCLEOTIDE_SUGAR_METABOLISM -6.87 -3.9 0.33 -0.25 -4.81 -1.98 4.47 3.63 -1.41 2.3 6.18 -0.02 5.48 0.5 -0.07 -1.71 -3.99 -4.7 0.69 2.69 -3.1 -3.58 -0.02 3.02 1.15 -0.11 0.8 3.69 1.21 3.83 1.95 2.22 -3.6 0.29 0.95 2.69 -0.68 -0.06 -7.22
KEGG_GLYCOSAMINOGLYCAN_BIOSYNTHESIS_CHONDROITIN_SULFATE -2.92 -0.77 0.18 6.55 -1.32 1.23 -2.37 2.23 -0.62 2.15 1.02 -1.55 -0.53 -1.96 -0.25 -1.55 -1.19 -0.73 -0.13 0.5 2.91 -1.01 1.25 0.17 0.03 -1.26 1.41 0.87 -1.72 -2.16 1.47 -0.94 -0.37 -1.43 0.96 1.51 -0.47 3.78 -2.96
KEGG_GLYCOSAMINOGLYCAN_BIOSYNTHESIS_HEPARAN_SULFATE -1.67 -0.31 0.1 -2.77 -2.93 -1.11 4.88 1.51 0.18 0.59 3.05 2.18 4.61 -0.3 0.74 -1.98 -3.19 -2.6 1.28 -0.44 -5.3 -2.67 -0.69 3.07 2.26 0.92 -0.01 2.2 2.96 3 1.18 2.8 -2.3 -0.65 -0.24 -0.76 -1.26 -2.81 -3.5
KEGG_INOSITOL_PHOSPHATE_METABOLISM 7.72 4.67 0.45 -1.12 4.92 0.47 -5.75 -3.39 0.35 -2.11 -4.52 0.75 -3.91 -2.74 -1.73 1.87 5.27 4.59 2.15 -1.97 1.28 4.02 2.46 -3.86 -2.99 0.43 -2.92 -3.53 -0.12 -2.87 -2.47 -3.73 4.78 -3.49 -0.97 -2.01 1.19 0.19 8.61
KEGG_PYRUVATE_METABOLISM 6.4 3.29 -0.57 2.7 4.71 0.61 -7.8 -3.73 2.7 -0.96 -5.98 1.88 -3.17 0.15 -0.97 2.77 3.79 4.28 -0.3 -2.59 3.7 2.94 1.11 -4.04 -2.71 1.31 -1.83 -6.09 0.1 -3.63 -1.96 -3.66 2.85 -0.74 -1 -2.17 1.41 0.45 6.74
KEGG_GLYOXYLATE_AND_DICARBOXYLATE_METABOLISM -4.24 -1.79 -0.51 -1.35 -3.39 -1.31 4.36 2.95 -1.85 2.13 3.54 -1.39 4.15 -0.13 0.36 -1.36 -1.88 -2.32 0.35 0.78 -2.75 -1.91 -0.9 1.94 2.4 -0.6 1.04 3.36 -0.04 2.5 1.67 0.9 -2.18 0.27 0 1.46 -0.62 0.24 -3.87
KEGG_PROPANOATE_METABOLISM -4.61 -2.41 0.39 -2.05 -3.11 -0.06 5.32 1.91 -0.92 1.39 5.59 -1.97 1.88 0.12 0.91 -2.01 -2.43 -3.33 0.96 1.55 -2.67 -1.89 -1 2.83 0.34 -0.87 1.63 4.59 0.12 2.68 0 3.49 -1.93 0.31 1.09 1.58 -1.12 -1.69 -4.6
KEGG_BUTANOATE_METABOLISM -3.26 -1.27 -0.12 -3.25 -4.07 -1.64 7.65 3.01 -1.6 0.94 5.88 1.3 6.15 -0.62 1.04 -2.04 -1.7 -3.17 0.66 1.78 -5.27 -2.91 -0.67 2.83 2.16 -0.65 0.01 4.44 1.1 5.42 1.15 1.86 -3.62 -1.19 0.38 0.33 -3.35 -3.39 -4.31
KEGG_ONE_CARBON_POOL_BY_FOLATE 0.17 -1.19 -0.76 4.69 0.47 3.99 -0.06 0.48 1.23 -0.09 1.17 -0.95 -1.71 -1.73 -0.49 0.28 0.07 0.65 -1.3 -1.2 2.93 -0.06 0.64 -1.57 0.88 0.39 0.93 1.58 -1.42 -4.38 0.94 -2.99 -1.22 -1.12 0.09 -0.47 -1.32 1.65 0.8
KEGG_FOLATE_BIOSYNTHESIS -2.99 -1.12 -0.07 -1.83 -1.94 -1.73 3.15 0.92 -0.31 0.42 2.66 0.68 3.04 0.22 0.29 -0.61 -1.84 -2.18 -0.24 1.06 -3.24 -1.25 -0.43 1.68 2.06 0.91 -0.13 1.15 0.29 3.24 0.68 1.43 -2.14 0.18 0.25 2.7 -0.12 -1.51 -3.36
KEGG_RETINOL_METABOLISM 3.38 -1.39 -1.68 5.56 4.49 5.52 -9.25 -3.49 0.77 -1.28 -8.24 -1.82 -9.29 0.6 -1.15 2.86 3.87 3.1 -3.48 -2.54 7.69 3.91 -0.95 -4.44 -1.76 0.59 2.2 -4.89 -2.04 -6.31 -4.67 -3.3 6.98 2.78 -0.2 -0.09 6.09 5.78 6.05
KEGG_PORPHYRIN_AND_CHLOROPHYLL_METABOLISM 4.71 0.73 -0.29 2.01 3 2.4 -4 -3.53 1.93 -2 -5.62 1.25 -4.4 -0.64 -1.16 2.92 2.58 3.35 -0.74 -1.47 2.84 3.15 0.32 -3.08 -0.9 0.43 -1.1 -5.17 -1.26 -2.54 -2.25 -0.69 2.73 1.58 -0.63 -2.4 2.08 0.48 5.39
KEGG_TERPENOID_BACKBONE_BIOSYNTHESIS 5.15 3.22 0.85 1.27 2.89 1.68 -1.89 -1.04 2.32 -1.14 -3.14 1.4 -1.03 -2.33 -1.62 1.01 1.92 2.33 0.15 -2.21 1.55 2.53 0.32 -2.08 -1.06 0.44 -1.6 -2.22 0.58 -2.3 -0.78 -2.83 0.44 -3.02 -3.09 -1.88 -0.3 -0.35 5.84
KEGG_NITROGEN_METABOLISM -2.8 0.18 1.61 -3.06 -2.22 -2.05 5.29 2.14 -0.69 0.38 4.2 0.64 2.93 -0.98 0.36 0.38 -2.46 -1.6 0.75 4.55 -4.64 -1.56 -0.25 1.53 1.64 0.23 -1.61 2.66 0.19 3.07 1.69 2.75 -3.91 -1.05 0.47 -0.26 -2.34 -2.45 -3.71
KEGG_SULFUR_METABOLISM -1.59 0.75 0.65 -2.53 -1.67 -1.33 3.01 2.82 0.11 1.31 3.46 -0.09 2.65 -1.16 1.72 -2.1 -1.02 -2.08 0.64 0.21 -3.25 -1.51 1.02 2.39 0.98 0.38 0.28 2.98 -0.17 1.65 1.38 0.28 -2.79 -2.01 0.05 -0.48 -1.46 -1.37 -2.09
KEGG_METABOLISM_OF_XENOBIOTICS_BY_CYTOCHROME_P450 3.81 -1.02 -1.8 5.18 4.63 3.77 -10.37 -5 1.59 -0.95 -8.99 -1.46 -9.74 0.57 -1.13 3.25 4.59 3.57 -3.19 -2.71 7.56 3.88 -1.96 -5 -1.85 0.52 2.06 -6.11 -2.1 -4.96 -4.43 -1.14 7.26 3.33 0.69 -0.32 5.82 6.44 5.71
KEGG_DRUG_METABOLISM_CYTOCHROME_P450 -3.78 1.17 1.99 -6.04 -4.84 -4.71 10.77 4.81 -1.06 1.36 9.1 1.72 10.39 -0.9 1.26 -3.4 -4.68 -3.65 3.37 3.17 -8.69 -3.85 2.03 5.13 2.2 -0.9 -2.17 5.85 1.93 5.97 4.02 2.38 -7.28 -3.41 -0.7 0.73 -5.9 -7.28 -6.11
KEGG_DRUG_METABOLISM_OTHER_ENZYMES -3.75 1.44 1.58 -4.29 -4.15 -4.33 5.45 3.55 -1.14 1.88 7.21 1.25 7.16 -0.2 1.17 -2.73 -3.65 -2.48 2.27 1.39 -6.18 -3.57 -0.28 4.06 2.83 0.67 -0.86 4.73 1.77 5.12 2.9 2.58 -6.38 -1.87 0.41 0.28 -4.14 -4.53 -5.17
KEGG_BIOSYNTHESIS_OF_UNSATURATED_FATTY_ACIDS 3.9 0.24 0.17 2.03 3.85 2.61 -2.67 -2.5 0.47 -0.51 -4.39 0.02 -3.47 -1.02 -0.38 3.29 3.37 1.31 -0.28 -0.84 3.55 3.41 -0.45 -2.86 -3.37 -0.5 -0.89 -4.7 0.23 -1.97 -1.84 -0.34 1.11 -0.47 0.17 0.39 0.23 0.51 2.6
KEGG_ABC_TRANSPORTERS -4.47 -0.4 0.54 -1.77 -4.32 -3.48 7.61 3.69 -1.3 1.79 6.7 0.86 8.09 -0.4 1.62 -1.61 -3.42 -3.9 1.53 0.93 -4.15 -3.44 -0.87 3.99 2.19 -1.06 -0.2 5.05 0.72 4.48 1.2 1.78 -4.13 -1.36 0.14 0.45 -3.7 -2.86 -6.54
KEGG_RIBOSOME -13.81 -8.47 -4.62 6.68 -5.53 4.62 5.15 8.67 1.93 6.85 6.74 -6.15 6.29 -6.34 1.62 -4.35 -10.3 -1.51 -0.79 0.54 -2.25 -4.66 -2.9 6.29 16.04 1.36 2.54 10.6 -2.03 4.67 3.74 -1.87 -8.16 0.9 -0.81 -1.34 2.11 7.18 -18.62
KEGG_RNA_DEGRADATION -5.58 -3.03 0 1.47 -4.09 -1.23 3.86 3.14 -1.41 2.92 2.45 -0.24 7.05 1.09 2.59 -1.9 -4.28 -3.62 -1.62 0.37 -3.02 -3.89 -1.71 2.65 2.82 -0.63 1.61 2.5 -0.71 4.8 2.61 0.72 -2.81 1.03 1.07 1.46 0.05 0.2 -6.69
KEGG_RNA_POLYMERASE -4.13 -0.79 0.41 -1.66 -2.71 -0.84 4.23 2.03 -2.19 -0.57 0.22 -0.86 2.02 1.87 0.16 -0.71 -2.55 -1.23 0.63 2.48 -3.28 -2.48 0.69 1.65 0.19 -1.57 1.67 0.24 0.43 2.56 1.1 2.68 -0.97 3.25 1.57 2.23 -0.05 -0.08 -5.62
KEGG_DNA_REPLICATION -2.51 0.85 1.96 -5.26 -2.46 -4.87 4.09 0.83 -3.03 0.42 2.73 -1.46 1.42 0.62 1.76 0.39 -2.87 -1.37 3.19 2.77 -5.86 -2.45 0.71 2.58 1.41 -0.48 1.46 1.63 0.72 3.42 2.08 3.24 -2.26 0.21 1.51 3.13 -0.11 -3.53 -4.62
KEGG_SPLICEOSOME -5.65 -4.45 -3.4 7.76 -5.14 4.79 1.1 4.91 3.52 5.05 -2.91 -0.85 10.69 3.22 -0.18 -3.67 -6.6 -0.79 -6.33 -4.6 0.85 -5.49 -4.32 3.58 5.19 -1.01 3.87 1.8 -0.65 4.13 2.83 -5.66 -0.58 4.2 -2.48 -2.18 0.49 5.41 -6.44
KEGG_PROTEASOME 7.23 6.45 -1.36 4.58 4.91 3.98 -3.69 -0.03 7.34 0.92 -4.98 3.08 1.57 -1.41 -0.46 1.02 1.84 5.94 -3.29 -5.18 2.65 2.52 -0.22 -3.83 1.2 2.68 -3.32 -3.66 -0.22 -2.25 -0.6 -7.6 0.88 -3.28 -5.4 -7.93 -3.48 -2.04 5.43
KEGG_PROTEIN_EXPORT -4.88 -0.76 0.39 -2.28 -3.61 -1.97 4.12 2.8 -1.97 2.59 1.45 -0.66 3.03 3.07 -0.06 -1.77 -3.58 -1.39 -1.06 1.66 -3.44 -1.84 -1.85 1.46 2.13 -0.51 1.3 0.27 -0.3 4.84 0.9 3.16 -2.42 3.73 0.48 1.52 -0.17 -0.76 -3.59
KEGG_PPAR_SIGNALING_PATHWAY 3.97 -0.15 -1.7 4.61 4.97 3.06 -9.38 -3.71 -1.16 -2.27 -6.98 -2.61 -8.41 0.54 -1.69 3.1 5.42 3.16 -2.51 -1.81 8.83 4.84 -0.16 -3.86 -3.54 -0.36 0.61 -5.44 -2.08 -6.05 -2.76 -1.44 5.38 2.05 2.33 0.39 3.49 5.87 5.48
KEGG_BASE_EXCISION_REPAIR -3.65 -0.45 2.34 -2.74 -3.34 -0.17 3.32 2.02 -2.09 0.45 2.45 -0.4 2.58 0.43 1.79 -0.96 -3.76 -2.23 1.54 2.59 -4.53 -2.27 0.79 2.52 2.2 -1.5 0.93 2.01 0.58 3.5 0.97 2.62 -2.74 1.26 2.11 2.18 -1.21 -3.45 -5.66
KEGG_NUCLEOTIDE_EXCISION_REPAIR 4.16 -0.97 -2.56 5.44 3.11 5.47 -4.66 -0.82 3.69 -1.2 -4.4 1.72 -1.1 -2.15 -1.94 0.11 2.42 1.43 -1.92 -2.73 5.01 2.8 -0.83 -2.53 0.63 1.12 -1.65 -1.98 -0.01 -3.48 -2.3 -5.2 2.69 -1.09 -2.21 -3.78 -0.1 3.38 6.44
KEGG_MISMATCH_REPAIR 1.62 -0.27 -2.58 4.97 1.7 3.35 -3.29 -1.07 3.44 -0.75 -0.73 2.89 0.03 -0.53 -1.89 0.13 1.68 1.75 -2.42 -2.1 4.9 1.76 -1.23 -1.89 1.08 0.3 -2.22 -1.37 0.03 -3.1 -1.36 -3.99 2.01 -0.29 -1.85 -4.21 -0.67 1.83 4.31
KEGG_HOMOLOGOUS_RECOMBINATION -2.22 0.36 1.51 -3.57 -2.56 -3.22 7.17 2.46 -1.74 1.45 4.15 0.23 3.88 0.63 1.25 -1.64 -3.75 -2.65 2.66 1.65 -5.91 -2.57 0.26 3.17 0.88 -0.67 0.06 3.66 1.7 3.58 2.71 2.02 -4.85 -1.17 0.49 1.13 -2.82 -3.36 -4.37
KEGG_MAPK_SIGNALING_PATHWAY -9.44 -2.11 0.66 -6.7 -9.12 -5.66 14.67 6.32 -0.09 4.01 11.22 3.03 14.69 2.18 2.99 -4.18 -9.91 -7.44 2.77 4.23 -13.48 -6.43 -0.7 7.79 5.7 -1.3 -0.67 7.19 2.54 12.4 4.57 5.89 -11.56 1.39 -0.97 0.49 -5.03 -7.01 -12.93
KEGG_ERBB_SIGNALING_PATHWAY -8.03 -3.31 -0.84 -1.87 -5.88 -3.06 8.52 5.79 0.24 1.33 8.57 0.65 7.1 0.13 1.97 -3.29 -5.25 -4.88 -0.11 2.93 -4.73 -4.76 -1.41 4.86 3.08 -0.21 -0.19 6.92 1.5 5.32 3.43 3.89 -6.73 0.14 0.11 1.68 -3.17 -1.39 -9.06
KEGG_CALCIUM_SIGNALING_PATHWAY -7.61 -1.35 1.16 -6.5 -8.14 -6.52 15.19 6.6 -0.68 2.55 12.71 3.27 12.73 0.28 3.77 -4.44 -7.43 -8.05 3.64 4.55 -11.86 -6.92 0.1 7.07 4.48 0.16 -1.31 7.49 3.42 9.95 3.76 5.49 -11.71 -1.78 -1.08 0.64 -6.42 -7.94 -9.26
KEGG_CYTOKINE_CYTOKINE_RECEPTOR_INTERACTION -5.09 2.41 4.43 -12.82 -10.98 -10.84 21.38 8.99 -2.16 3.8 16.67 4.83 20.23 -1.87 3.84 -5.72 -8.72 -7.59 8.69 3.84 -18.62 -8.72 2.55 10.89 6.26 -1.02 -4.43 11.12 5.72 14.21 5.38 3.42 -15.34 -7.88 -2.49 -0.21 -11.18 -12.79 -10.15
KEGG_CHEMOKINE_SIGNALING_PATHWAY -6.63 -0.51 1.93 -7.81 -7.55 -5.54 13.48 8.14 -1.2 3.12 11.34 2.53 12.3 -0.15 3.13 -3.53 -7.42 -5.75 4.23 3.5 -12.66 -6.71 -0.01 7.6 5.37 -0.89 -1.59 8.18 3.12 9.63 4.16 3.58 -11.15 -2.67 -1.3 1.03 -6.37 -7.2 -9.75
KEGG_PHOSPHATIDYLINOSITOL_SIGNALING_SYSTEM -8.28 -4.31 -1.14 -0.12 -5.24 -2.19 7.97 3.77 -0.43 1.75 6.17 -0.22 5.99 2.9 1.59 -2.37 -5.81 -5.37 -1.73 2.48 -2.7 -4.98 -2.69 4.46 4.5 -0.32 2.41 4.74 0.6 4.79 2.49 4.49 -6.22 3.02 1.02 1.82 -2.56 -1.25 -9
KEGG_NEUROACTIVE_LIGAND_RECEPTOR_INTERACTION -5.92 2.53 4.09 -13.59 -10.53 -13.15 23.65 8.2 -1.52 3.19 18.21 6.19 20.78 -1.91 3.64 -4.81 -8.96 -10.35 10.27 4.68 -20.59 -8.49 2.87 11.14 6.77 -0.59 -4.73 9.34 5.83 14.89 5.03 4.13 -15.6 -7.59 -2.14 -0.57 -10.91 -14.71 -8.78
KEGG_CELL_CYCLE -8.15 -2.19 0.37 -4.3 -6.74 -3.62 10.48 5.88 -0.47 3.41 7.79 0.97 11.24 0.25 1.12 -4.07 -7.67 -5.54 1.02 2.16 -7.87 -5.77 -0.47 6.15 3.51 0.53 0.61 6.62 2.04 7.33 4.53 2.47 -6.75 -0.01 -0.15 1.83 -2.37 -3.81 -10.36
KEGG_OOCYTE_MEIOSIS -8.61 -2.28 0.12 -2.29 -5.9 -1.95 10.17 5.46 -1.89 2.04 8.62 0.21 7.12 0.99 1.71 -3.31 -6.14 -4.98 0.58 4.65 -6.76 -4.39 -0.07 5.13 3.89 -0.93 0.22 5.14 0.74 6.34 2.23 4.47 -7.38 0.78 0.8 1.39 -3.17 -1.7 -11.06
KEGG_P53_SIGNALING_PATHWAY 4.29 0.52 -1.58 2.93 5.09 2.08 -7.63 -4.59 0.38 -2.64 -5.98 -0.13 -8.25 0.31 -1 3.01 6.38 3.74 -1.2 -0.89 6.98 4.83 -0.79 -4.04 -2.74 1.18 0.32 -6.23 -1.21 -4.73 -5.08 -2.04 5.66 1.18 0.16 -0.93 3.39 3.34 5.9
KEGG_UBIQUITIN_MEDIATED_PROTEOLYSIS -8.38 -2.23 2.28 -5.06 -7.14 -3.28 8.21 3.98 -2.54 1.98 9.45 -0.12 5.95 2.24 2.13 -1.86 -6.46 -5.37 1.38 6.54 -7.48 -4.08 -0.99 3.58 3.01 -2.38 0.64 6 0.35 7.16 1.45 6.72 -5.85 2.04 2.5 3.97 -3.5 -3.89 -10.95
KEGG_REGULATION_OF_AUTOPHAGY -3.05 1.18 1.65 -5.12 -4.57 -5.04 9.44 2.57 -1.67 1.51 6.57 2.34 6.35 -0.75 1.36 -2.32 -3.39 -4.03 3.82 2.2 -6.94 -2.93 1.5 4.2 2.91 -0.15 -1.03 4.58 1.99 5.59 1.6 2.08 -6.28 -2.85 0.15 0.28 -4.37 -4.8 -4.56
KEGG_ENDOCYTOSIS -12.93 -5.75 0.06 -1.92 -8.82 -0.81 9.6 6.86 -2.12 4.04 7.28 -0.78 10.73 3.59 3.02 -4.44 -8.92 -7.36 -0.88 4.41 -6.06 -8.12 -1.84 5.91 4.89 -1.39 2.76 6.47 0.81 8.01 3.43 4.41 -7.74 4.42 2.09 4.05 -2.32 -0.83 -13.79
KEGG_PEROXISOME -5.31 -0.05 0.74 -3.71 -4.86 -2.09 6.58 3.45 -0.02 3.18 3.37 1.92 8.36 2.76 0.54 -1.55 -4.71 -1.64 0.28 1.29 -7 -3.77 -1.31 2.22 2.92 -1.49 0.84 0.41 0.77 7.29 1.74 3.67 -4.56 1.06 -0.05 0.3 -1.03 -3.82 -6.74
KEGG_MTOR_SIGNALING_PATHWAY -6.83 -1.85 0.58 -2.48 -4.43 -1.34 7.66 3.93 -1.37 1.25 5.65 -0.4 5.79 0.12 2.05 -2.38 -3.5 -3.35 1 3.44 -4.88 -3.27 0.77 2.49 0.73 -1.07 -0.55 4.59 0.97 4.24 1.36 3.05 -4.39 -0.08 1.71 1.3 -1.07 -2.6 -6.82
KEGG_APOPTOSIS -8.36 -2.19 1.25 2.66 -7.3 -2.3 5.99 5.88 -1.38 3.88 5.78 -1.86 9.06 1.83 1.83 -4.08 -8.47 -4.75 -0.93 3.12 -3.38 -5.56 -1.32 3.2 4.3 -2.03 2.23 5.1 -0.49 5.75 3.71 3.63 -6.92 3.51 1.12 1.67 -2.34 -0.27 -11.56
KEGG_VASCULAR_SMOOTH_MUSCLE_CONTRACTION -5.61 -0.7 0.52 -5.35 -5.65 -5.15 9.96 4.5 -1.18 2.49 8.15 2.03 9.29 0.54 2.39 -1.85 -5.59 -5.68 3.27 3.28 -9.56 -5.19 1.08 4.79 2.81 -0.47 -0.95 5.1 1.43 8.13 3.83 4.76 -8.99 -1.08 -0.49 0.47 -4.25 -5.01 -6.07
KEGG_WNT_SIGNALING_PATHWAY -9.49 -2.39 1.22 -4.01 -7.05 -1.4 10.63 5.29 -1.59 3.05 8.93 0.59 10.96 1.01 1.5 -3.91 -7.43 -5.01 1.5 4.86 -9.39 -5.87 -0.21 5.94 4.91 -1.18 0.61 3.81 0.85 8.6 3.76 5.66 -7.48 1.85 -0.64 2.12 -3.42 -4.98 -12.18
KEGG_DORSO_VENTRAL_AXIS_FORMATION -2.52 -1.59 -0.19 -1.83 -3.18 -0.51 4.57 3.75 0.07 0.86 4.31 1.28 3.88 -0.25 0.28 -1.48 -3.14 -4.03 0.83 1.9 -3.43 -1.51 -0.37 2.92 2.8 0.59 -0.78 3.75 0.96 2.35 1.38 2.4 -4.29 -0.79 -0.26 0.46 -2.4 -3.14 -3.66
KEGG_NOTCH_SIGNALING_PATHWAY -7.07 -3.41 0.32 2.91 -3.41 4.35 4.03 1.91 -1.4 0.99 0.46 -0.72 4 -0.43 -0.38 -2.28 -5.3 -2.71 -0.59 2.79 -2.31 -3.55 -0.14 4.16 3.29 -0.87 2.41 1.62 -0.06 1.3 2.94 3.35 -3.24 1.08 0.52 3.29 0.67 -0.63 -7.89
KEGG_HEDGEHOG_SIGNALING_PATHWAY 3.06 -0.5 -0.48 6.76 3.58 4.33 -7.65 -2.67 0.47 -1.98 -6.83 -1.88 -9.24 -0.27 -0.93 1.3 3.78 3.03 -2.81 -1.96 9.26 2.66 -1.46 -3.42 -1.99 0.07 1.34 -2.23 -1.71 -5.99 -1.31 -2.02 4.93 1.74 -0.13 -1.51 2.95 5.04 4.68
KEGG_TGF_BETA_SIGNALING_PATHWAY -4 0.27 1.74 -6.14 -6.49 -4.33 11.27 3.65 -1.3 2.02 8.28 1.78 9.38 -1.35 0.83 -3.68 -4.28 -4.51 3.61 2.51 -8.66 -3.8 4.08 4.99 2.75 -0.31 -1.6 5.19 2.56 6.37 2.59 2.21 -6.71 -3.16 -1.41 -0.07 -4.5 -4.55 -5.24
KEGG_AXON_GUIDANCE -8.8 -3.43 -1.31 -1.23 -5.81 -2.83 6.71 5.12 0.69 3.21 8.15 -0.03 7.85 3.34 2.02 -2.33 -5.42 -5.91 -1.11 1.42 -4.25 -5.12 -3.14 5.24 4.9 -0.79 1.23 5.19 0.65 6.66 3.16 3.7 -6.69 3.69 0.43 1.68 -4.15 -2.24 -10.46
KEGG_VEGF_SIGNALING_PATHWAY 6.87 2.56 -0.36 2 5.57 1.92 -6.07 -4.29 1.36 -1.89 -6.01 1.06 -9.24 -1.73 -2.37 2.78 5.15 4.66 -0.2 -2.93 5.25 3.69 0.28 -3.49 -3.4 1.69 -0.8 -3.76 0.21 -6.8 -2.06 -5.31 6.46 -2.87 -0.27 -1.74 2.63 3.18 8.29
KEGG_FOCAL_ADHESION -7.67 -1.45 1.95 -6.6 -8.06 -4.52 13.25 7.4 -0.26 3.41 10.84 2.49 12.26 -1.11 1.48 -4.3 -8.2 -5.83 3.98 3.55 -11.84 -7 1.14 7.68 4.97 0 -1.36 8.36 3.05 7.98 4.6 3.53 -9.16 -2.99 -1.71 1.22 -5.22 -5.92 -9.91
KEGG_ECM_RECEPTOR_INTERACTION -2.99 0.24 1.59 -6.25 -5.04 -5.55 10.98 5.34 0.18 2.61 8.12 3.17 10.88 -1.52 1.44 -2.55 -5.59 -4.47 3.58 1.39 -9.78 -4.14 1 4.76 3.78 0.29 -1.86 6.37 3.11 6.63 2.45 1.3 -6.94 -4.1 -1.64 -0.33 -5.25 -5.65 -5.52
KEGG_CELL_ADHESION_MOLECULES_CAMS -5.89 0.08 0.97 -4.64 -5.81 -6.13 9.41 4.2 -0.74 1.64 10.77 2.03 11.69 -0.65 2.04 -3.06 -6.26 -5.2 2.52 2.84 -9.7 -5.39 -0.37 4.7 4.98 -0.38 -1.8 6.85 2.34 7.51 3.74 4 -8.63 -0.82 -0.35 0.81 -5.17 -5.21 -6.92
KEGG_ADHERENS_JUNCTION 7.93 4.92 0.24 -0.24 5.24 -0.29 -5.1 -4.31 1.83 -2.03 -1.62 1.27 -4.4 -1.23 -0.75 3.73 6.45 3.62 1.39 -2.18 1.02 4.34 2.11 -4.7 -6.04 0.35 -3.48 -3.07 0.45 -2.08 -3.33 -2.23 3.06 -3.02 -1.02 -3.85 -1.17 -0.75 8.95
KEGG_TIGHT_JUNCTION -7.6 -1.1 1.13 -4.85 -6.33 -3.97 10.2 6.26 -1.18 2.79 8.19 1.9 11.23 -0.58 2.5 -4.49 -6.96 -6.13 2.74 2.11 -10.21 -6.05 0.03 6.84 5.27 -0.38 -0.62 6.23 2.42 7.88 5.04 3.87 -8.41 -0.75 -0.97 1.38 -4.03 -5.13 -8.25
KEGG_GAP_JUNCTION -8.97 -5.19 -0.36 -0.7 -7.11 -2.33 10.13 8.05 0.91 2.01 7.88 0.75 7.23 -0.03 1.11 -3.45 -6.31 -6.27 -0.56 4.13 -6.7 -6.05 -1.23 6.36 5.28 1.14 0.53 5.9 1.1 4.45 2.58 3.43 -6.23 -0.08 -0.9 1.95 -2.21 -1.35 -8.9
KEGG_COMPLEMENT_AND_COAGULATION_CASCADES 2.57 -1.9 -1.47 6.39 4.42 6.23 -10.88 -3.85 0.46 -2.17 -7.56 -2.61 -11.32 1.19 -0.66 1.79 4.21 5.44 -4.73 -1.43 11.01 2.65 -0.88 -4.84 -2.69 0.5 3.18 -5.24 -3.73 -8.74 -2.64 -2.65 6.79 4.64 1.8 0.48 5.05 7.25 3.94
KEGG_ANTIGEN_PROCESSING_AND_PRESENTATION -0.2 0.96 1.81 -8.2 -2.86 -7.46 9.95 1.59 0.08 1.96 5.78 4.61 14.08 -0.08 0.33 -1.81 -2.17 -5.39 4.59 1.93 -10.98 -2.65 2.48 4.93 -2.02 0.26 -3.99 1.24 4.33 11.07 2.29 -0.04 -6.75 -3.52 -2.6 -0.73 -4.08 -6.91 -1.8
KEGG_TOLL_LIKE_RECEPTOR_SIGNALING_PATHWAY -5.65 0.12 2.71 -5.1 -7.14 -5.95 10.64 5.66 -2.22 1.7 9.79 2.1 9.42 -0.6 2.35 -3.21 -5.74 -4.01 3.72 4.14 -8.6 -5.94 1.28 4.9 5.03 -1.36 -1.02 7.23 2.49 7.48 2.61 3.41 -9.21 -2.56 0.1 0.44 -6.12 -5.79 -7.09
KEGG_NOD_LIKE_RECEPTOR_SIGNALING_PATHWAY 3.92 0.46 -2.55 3.96 5.02 1.59 -6.59 -3.31 1.43 -0.91 -6.27 -1.91 -5.51 1.09 -1.15 2.14 3.56 2.99 -1.74 -2.38 6.76 3.54 -0.89 -3.5 -4.27 0.88 0.55 -6.62 -1.28 -3.79 -1.73 -2.84 5.29 1.65 -0.57 -0.91 3.94 5.47 4.48
KEGG_RIG_I_LIKE_RECEPTOR_SIGNALING_PATHWAY 3.14 -0.58 -2.57 5.5 5.52 5.61 -10.03 -3.04 1.85 -1.46 -9.5 -3.04 -7.95 0.49 -1.36 2.53 4.12 4 -3.14 -3.34 8.04 3.37 -0.88 -4.97 -3.54 0.76 1.78 -6.68 -2.05 -7.29 -2.57 -2.25 8.17 2.88 0.98 -0.02 5.34 6.53 5.64
KEGG_CYTOSOLIC_DNA_SENSING_PATHWAY 2.71 -1.43 -1.36 6.35 4.44 5.19 -8.19 -2.97 2.1 -1.78 -7.02 -3.08 -6.63 0.95 -1.08 1.34 3.05 2.75 -3.9 -2.5 7.28 3.39 -0.39 -4.48 -3.67 0.3 1.54 -4.87 -2.11 -6.25 -1.68 -1.68 6.28 2.4 0.5 -0.04 5.23 5.32 4.01
KEGG_JAK_STAT_SIGNALING_PATHWAY -3.95 1.9 2.22 -9.6 -7.53 -8.21 15.61 6.32 -1.43 3.16 12.11 3.8 14.66 -0.98 2.24 -3.19 -6 -5.94 6.26 3.01 -12.72 -5.8 1.34 7.35 4.76 -0.72 -3.47 7.66 4.13 10.49 3.28 2.91 -10.76 -5.98 -2.04 -0.19 -7.4 -10.19 -7.09
KEGG_HEMATOPOIETIC_CELL_LINEAGE -2.44 2.03 2.55 -7.57 -5.62 -7.4 12.04 5.09 -1.66 1.56 10.89 2.56 11.85 -1.29 2.1 -2.26 -4.85 -4.25 5.19 2.12 -11.37 -4.43 2.29 5.42 2.54 -0.52 -3.03 6.88 2.29 7.79 2.56 2 -7.84 -4.59 -1.44 0.16 -5.67 -7.96 -5.71
KEGG_NATURAL_KILLER_CELL_MEDIATED_CYTOTOXICITY -5.22 0.37 1.96 -8 -6.22 -7.53 12.57 5.23 -1.29 1.73 10.52 2.85 14.12 -0.41 2.53 -2.41 -5.97 -5.98 5.37 4.07 -10.79 -5.49 1.34 6.08 3.48 -0.58 -2.88 7.2 2.61 10.05 3.08 4.28 -10.56 -2.33 -0.11 0.34 -7.37 -8.3 -8.36
KEGG_T_CELL_RECEPTOR_SIGNALING_PATHWAY -6.33 -0.92 1.81 -5.01 -6.69 -4.65 10.23 4.95 -0.84 1.73 10.31 1.53 11.62 -0.04 2.05 -2.75 -6.37 -5 2.39 4.47 -9.55 -5.31 0.48 6.52 4.05 -1.05 -1.05 6.66 2.24 8.23 2.36 4.02 -9.19 -0.45 -0.65 1.06 -5.31 -6.25 -9.29
KEGG_B_CELL_RECEPTOR_SIGNALING_PATHWAY 8.7 3.97 0.1 -0.67 6.09 0.71 -5.18 -6.15 1.69 -1.67 -6.42 0.98 -5.87 -0.83 -1.85 2.97 6.09 4 0.54 -2.92 2.81 4.56 1.88 -4.18 -5.53 1.19 -1.55 -6.07 0.11 -3.93 -1.92 -4.86 5.97 -2.31 -1.4 -2.48 2.35 0.92 10.15
KEGG_FC_EPSILON_RI_SIGNALING_PATHWAY -5.56 -1.72 1.09 -4.61 -6.01 -4.19 8.61 4.66 -0.93 1.94 7.8 0.83 9.43 -0.23 2.6 -2.32 -5.46 -5.1 2.79 3.05 -7.58 -4.89 0.93 4.85 2.61 -1.07 -0.97 7.26 1.67 7.27 2.2 4.61 -8.47 -0.79 -0.05 1.14 -3.95 -4.88 -6.54
KEGG_FC_GAMMA_R_MEDIATED_PHAGOCYTOSIS -10.07 -4.58 -1.4 4.6 -6.44 0.87 2.5 6.29 -2.19 2.33 6.09 -3.8 2.3 -0.09 3.7 -4.27 -7.19 -2.75 -2.47 1.01 2.92 -5.52 -2.49 1.15 7.31 -1.72 5.12 9.07 -1.08 0.63 2.81 3.28 -5.49 3.1 3.43 2.91 -2.67 3.97 -11.18
KEGG_LEUKOCYTE_TRANSENDOTHELIAL_MIGRATION -5.61 -0.08 0.69 -4.3 -5.62 -4.47 9.4 4.03 -1.09 1.84 10.12 1.28 8.33 -0.35 1.56 -2.76 -5.63 -4.67 2.23 2.71 -8.72 -5 -0.51 5.23 4.82 -1.15 -1.26 5.91 1.21 6.15 4.22 5.01 -7.21 -0.56 -0.23 1.24 -4.43 -5.14 -7.19
KEGG_INTESTINAL_IMMUNE_NETWORK_FOR_IGA_PRODUCTION 0.22 -0.78 -1.63 6.94 3.48 4.1 -7.65 -1.23 -0.43 -1.06 -5.79 -2.81 -8.52 0.08 -0.88 1.75 2.38 3.43 -2.92 -2.77 8.36 3.36 -1.44 -4.6 0.47 0.22 2.6 -3.85 -3.17 -7.4 -2.03 -0.08 4.76 2.98 2.29 0.83 3.34 5.03 2.43
KEGG_LONG_TERM_POTENTIATION -8.18 -3.12 -0.4 -1.29 -5.85 -2.48 7.05 3.44 -0.41 1.81 6.1 0.36 6.3 1.88 2 -3.3 -5.61 -4.44 -0.77 3.35 -4.38 -5.03 -1.72 4.16 4 -0.13 2.02 4.48 1.01 4.89 3.18 4.54 -6.37 2.4 0.45 1.36 -2.12 -1.05 -8.1
KEGG_NEUROTROPHIN_SIGNALING_PATHWAY -8.99 -3.23 -0.26 -2.49 -6.67 -2.08 10.25 5.76 -0.3 1.89 8.68 0.79 9.28 1.43 2.08 -3.12 -7.46 -5.15 -1.27 4.53 -6.27 -4.8 -2.24 5.65 3.71 -1.15 1.04 6.04 0.44 6.78 0.67 5.21 -7.94 1.6 1.1 2.31 -2.74 -2.08 -11
KEGG_LONG_TERM_DEPRESSION -6.7 -2.35 -0.5 -1.82 -5.79 -3.68 8.7 5.3 -0.98 2.06 6.51 0.8 8.86 0.41 1.9 -2.71 -5.22 -4.74 0.53 2.12 -5.42 -4.26 -0.22 3.65 2.7 -0.96 0.03 4.24 0.13 6.05 3.49 3.7 -6.88 0.37 -0.25 0.7 -2.54 -1.46 -5.76
KEGG_OLFACTORY_TRANSDUCTION -3.56 1.7 2.19 -7.76 -6.26 -6.69 12.15 4.66 -1.32 2.76 10.47 3 13.9 -1.53 1.77 -3.73 -4.39 -4.8 5.48 2.7 -11.63 -4.6 3.36 6.61 3.91 -0.39 -2.85 5.68 2.93 7.92 2.93 2.5 -9.42 -4.41 -1.52 -0.54 -6.58 -8.46 -6.16
KEGG_REGULATION_OF_ACTIN_CYTOSKELETON -9.64 -3.09 -0.17 -4.27 -8.61 -5.7 12.74 8.49 -0.11 3.12 12.46 1.92 10.55 0.36 2.22 -3.65 -8.73 -6.8 1.83 3.19 -9.5 -6.68 -1.39 7.23 6.11 -1.2 0.11 8.89 2.31 7.99 4.36 4.85 -9.3 -0.57 0.29 3.22 -5.35 -4.46 -13.03
KEGG_INSULIN_SIGNALING_PATHWAY -9.38 -3.24 0.76 -4.29 -7.68 -2.91 12.16 6.98 -0.86 3.4 9.63 1.05 11.04 0.67 1.97 -4.19 -7.58 -6.49 1.06 4.76 -9.34 -6.61 0.8 5.91 2.9 -0.5 0 6.47 2.43 7.83 3.27 4.42 -9.09 -1.29 0.56 2.44 -3.83 -3.48 -9.77
KEGG_GNRH_SIGNALING_PATHWAY -6.2 -2.62 0.34 -3.8 -6.22 -4.39 9.48 4.33 -1.5 1.25 8.44 1.35 9.21 0.02 2.57 -2.34 -5.77 -5.76 1.75 4.12 -8.01 -4.63 0.19 4.86 2.99 -0.92 -0.31 6.39 1.24 7.33 3 4.58 -8.7 -0.21 0.49 0.67 -3.15 -3.55 -6.52
KEGG_PROGESTERONE_MEDIATED_OOCYTE_MATURATION -6.23 -2.45 -0.32 -4.17 -4.76 -3.69 9.19 3.67 -0.75 1.65 8.29 -0.17 7.96 0.15 1.59 -2.57 -4.29 -4.87 1.11 2.8 -7.08 -3.49 0.19 4.51 1.91 -0.68 -0.16 6.12 1.25 6.34 2.36 4.74 -6.6 0.06 1.31 0.73 -2.45 -2.82 -8.4
KEGG_MELANOGENESIS -5.72 -1.47 0.96 -4.03 -4.4 -3.46 9.96 5.21 -1.39 1.06 7.97 0.65 9.46 -0.75 1.44 -2.96 -5.01 -4.83 2 3.99 -8.41 -4.4 -0.09 4.41 3.16 -0.5 -0.21 5.48 1.51 5.37 2.57 4.06 -6.89 -1.49 -0.09 0.94 -3.74 -3.61 -6.74
KEGG_ADIPOCYTOKINE_SIGNALING_PATHWAY 5.72 1.14 -1.91 3.75 4.85 1.92 -9.46 -2.82 0.82 -1.73 -6.62 -1.74 -6.54 -0.43 -1.58 3.17 5.95 4.15 -0.38 -2.73 7.86 4.38 -0.85 -4.52 -2.96 -0.25 -0.16 -5.27 -2.03 -5.24 -2.83 -2.41 5.99 1.37 -0.39 -2.11 2.79 4.36 6.77
KEGG_TYPE_II_DIABETES_MELLITUS 4.38 0.74 -1.32 4.3 4.63 3.65 -9.27 -3.33 1.19 -1.53 -7.42 -1.46 -8.24 0.09 -1.39 2.66 4.45 4.86 -2.03 -1.77 6.42 4.49 -1.5 -3.65 -2.75 0.26 0.53 -5.79 -1.56 -6.03 -1.98 -2.98 6.4 1.79 -0.47 -0.41 3.93 4.4 5.69
KEGG_TYPE_I_DIABETES_MELLITUS 3.4 -0.86 1.15 -5.99 0.04 -4.35 4.96 -2.19 1.46 0.18 -0.73 3.61 11.69 0.59 0.04 -0.27 0.81 -4.09 1.84 0.84 -6.69 -0.66 2.96 2.42 -5.04 0.42 -4.04 -2.49 3.98 8.8 1.45 -1.95 -1.7 -2.24 -2.63 -1.39 -0.51 -4.42 1.6
KEGG_MATURITY_ONSET_DIABETES_OF_THE_YOUNG -1.95 1.39 2.25 -4.88 -3.55 -3.49 7.32 2.43 0.04 1.33 4.88 1.87 7.18 -0.84 0.93 -1.84 -3.5 -2.93 3.21 0.98 -6.44 -3.35 0.61 3.89 2.28 -0.13 -1.26 3.41 1.62 4.96 1.65 0.57 -5.32 -2.12 -1.25 0.64 -3.28 -4.59 -2.71
KEGG_ALDOSTERONE_REGULATED_SODIUM_REABSORPTION 4.85 0.82 -0.29 3.23 4.17 3.11 -8.8 -3.36 0.02 -1.49 -7.07 -0.78 -7.6 -0.16 -1.65 2.56 4.74 3.8 -0.64 -2.4 6.41 3.4 0.36 -2.95 -2.43 0.03 1.01 -5.59 -0.91 -5.73 -2.19 -3.43 5.08 0.54 0.86 0.26 4.01 3.38 4.82
KEGG_VASOPRESSIN_REGULATED_WATER_REABSORPTION 7.06 3.35 -0.29 0.53 4.59 0.93 -3.97 -3 2.8 -2.49 -4.92 2.01 -4.45 -1 -1.51 2.24 4.12 3.97 -0.21 -3.84 3.19 4.02 -1.11 -3.36 -1.22 0.93 -1.65 -4.57 0.44 -3.94 -1.7 -4.36 5.32 -0.92 -1.94 -2.87 1.26 -0.39 6.92
KEGG_ALZHEIMERS_DISEASE -12.05 -7.73 2.6 0.95 -7.75 -2.53 7.08 2.86 -9.18 -2.96 11.39 -6.41 -0.21 1.12 3.45 -4.04 -4.76 -7.8 -0.47 9.42 0.93 -3.43 -1.64 3.84 -0.13 -2.9 5.79 8.53 -2.21 2.03 0.12 10.73 -3.14 3.97 7.22 10.37 -0.75 0.33 -12.63
KEGG_PARKINSONS_DISEASE -10.06 -7.01 2.42 -1.08 -6.04 -2.35 5.44 0.75 -9.8 -5.88 11.45 -6.84 -3.89 -0.2 3.26 -3.37 -2.68 -6.98 -0.14 9.77 1.52 -1.15 -1.4 3.29 -1.93 -2.64 5.58 8.32 -2.07 0.22 -1.15 11.7 -0.65 3.3 8.14 11.74 0.18 -0.02 -9.73
KEGG_AMYOTROPHIC_LATERAL_SCLEROSIS_ALS 6.24 2.55 -0.59 -0.2 5.44 0.73 -3.94 -3.08 2.81 -2.29 -3.6 2.27 -7.22 -1.26 -2.42 2.24 5.31 3.03 1.04 -1.87 2.42 3.84 0.29 -1.88 -3.74 3.09 -3 -3.33 1.48 -5.43 -2.42 -3.09 4.91 -4.16 -1.68 -1.99 1.18 0.34 7.97
KEGG_HUNTINGTONS_DISEASE -12.69 -9.2 1.78 -0.21 -8.02 -3.52 7.78 2.62 -9.75 -4.1 12.26 -6.45 -0.84 -0.17 2.88 -3.6 -4.34 -9.51 0.39 9.81 -0.12 -3.4 -1.46 5.47 -0.32 -1.89 5.82 9.84 -1.17 1.41 1.12 11.82 -3.21 3.79 8.35 11.79 -0.2 0.2 -12.95
KEGG_PRION_DISEASES -3.7 -0.89 0.5 -2.8 -4.42 -2.43 5.01 3.16 -0.86 0.81 4.31 1.06 5.57 -0.83 0.69 0.2 -3.54 -3.56 2.15 2.99 -4.54 -3.54 0.23 2.58 2.18 0.07 -0.33 3.45 1.95 4.56 0.87 3.99 -4.65 -1.79 -0.25 0.94 -2.34 -1.7 -5.11
KEGG_VIBRIO_CHOLERAE_INFECTION -9.1 -4.37 1.22 2.24 -6.18 -1.49 7.04 5.53 -2.61 3.25 4.79 -0.97 6.96 0.29 1.53 -2.75 -6.26 -4.49 -0.4 5.79 -4.87 -5.7 -0.8 3.87 3.01 -0.9 1.87 2.9 0.08 5.13 2.88 4.34 -5.98 0.49 0.66 2.97 -1.41 0.46 -9.01
KEGG_EPITHELIAL_CELL_SIGNALING_IN_HELICOBACTER_PYLORI_INFECTION 9.62 5.58 -1.33 -3.1 6.51 0.63 -6.53 -4.5 2.74 -1.24 -5.81 1.62 -5.46 -0.69 -1.94 3.02 6.48 4.6 1.02 -5.64 2.67 5.08 1.5 -4.35 -3.59 2.06 -2.44 -4.64 1.08 -3.92 -2.94 -4.77 6.25 -2.67 -2.09 -4.31 1.86 -0.92 10.55
KEGG_LEISHMANIA_INFECTION 6.99 0.11 2.53 -10.56 3.01 -2.84 3.94 -4.63 3.66 -1.59 -4.21 5.21 8.14 0.75 -3.38 2.05 5.53 -3.29 2.33 2.16 -8.36 1.28 3.17 3 -6.75 1.89 -5.99 -6.45 4.35 8.13 -0.66 -0.09 1.13 -1.81 -5.35 -2.2 1.25 -7.8 5.34
KEGG_PATHWAYS_IN_CANCER -9.63 -1.72 3.5 -10.49 -9.77 -6.14 18.62 7.53 -0.85 2.99 14.51 3.31 16.69 -0.78 1.52 -4.55 -10.39 -7.94 5.07 5.59 -16.64 -7.96 1.31 9.78 5.94 -1.04 -1.69 10.25 4.04 11.8 4.8 6.49 -12.18 -2.18 -1.32 1.74 -7.12 -9.27 -13.83
KEGG_COLORECTAL_CANCER 6.96 2.14 -0.28 3.42 4.59 1.7 -7.22 -3.97 0.68 -1.32 -5.47 1.32 -7.67 -0.88 -1.46 2.23 5.07 4.19 0.04 -2.22 5.05 4.11 0.49 -3.56 -2.03 1.41 -1.58 -4.55 -0.65 -6.6 -2.16 -4.52 5.33 -2.2 -0.65 -1.67 1.98 1.76 8.17
KEGG_RENAL_CELL_CARCINOMA 7.74 3.33 -0.08 2.65 5.42 1.77 -7.05 -6.23 0.2 -1.69 -5.51 -0.77 -5.93 0.21 -0.77 2.43 5.4 3.79 -0.88 -2.96 4.3 4.87 0.45 -5.54 -2.45 0.05 -1.19 -4.88 -1.84 -4.06 -1.73 -3.38 6 -0.01 -0.43 -1.62 1.6 0.77 8.01
KEGG_PANCREATIC_CANCER 5.08 1.49 -0.24 5.5 4.28 2.46 -8.35 -2.87 0.37 -0.91 -6.59 -0.67 -7.65 -0.71 -1.23 2.17 4.13 4.08 -0.68 -3.02 5.88 2.82 0.15 -3.51 -2.12 1.41 0.44 -3.54 -1.58 -7.15 -1.6 -4.5 5.52 -2.06 -0.07 -0.9 3.23 4.15 6.83
KEGG_ENDOMETRIAL_CANCER 6.69 2.38 0.47 2.35 4.35 1.09 -6.04 -5.59 0.7 -1.31 -5.74 -0.53 -6.23 0.54 -1.29 2.48 4.61 3.52 0.18 -2.84 4.62 3.45 0.63 -3.16 -2.86 0.64 0.1 -5.08 -1.75 -5.27 -1.8 -2.82 5.3 -0.66 0.21 -1.11 1.94 0.91 6.93
KEGG_GLIOMA 5.71 1.91 0.39 2.35 3.79 2.55 -7.48 -4.67 0.7 -0.46 -7.28 -0.17 -5.57 -0.04 -1.56 2.12 4.45 4 -0.76 -3.52 4.67 3.87 0.64 -3.87 -3.52 0.48 1.15 -5.54 -0.84 -4.83 -1.47 -4.66 6.17 0.17 -0.06 -1.11 2.28 3.03 7.01
KEGG_PROSTATE_CANCER -8.88 -4.26 0.02 -0.39 -4.97 -0.66 5.95 6.06 -1.73 2.61 5.09 -1.1 5.75 0.43 1.35 -2.88 -6.79 -4.72 0.01 3.17 -4.39 -4.44 -0.66 4.85 3.13 -0.47 1.6 5.99 1.22 4.05 2.94 4.43 -5.93 0.98 0.82 2.97 -0.66 -0.64 -9.82
KEGG_THYROID_CANCER 6.06 2.32 0.35 1.16 3.68 1.18 -4.45 -3.26 0.82 -1.37 -2.86 -0.06 -3.89 -1.16 -0.23 2.1 5 3.44 -0.4 -3.75 3.83 3.06 -0.04 -2.89 -1.95 0.54 -1.3 -2.52 -1.03 -3.4 -1.14 -3.92 3.44 -1.32 -0.29 -1.36 0.46 -0.59 5.74
KEGG_BASAL_CELL_CARCINOMA 2.45 -0.71 -1.22 5.85 2.8 4.15 -7.63 -1.85 0.79 -0.76 -6.09 -1.59 -8.33 0.54 -0.59 1.06 3.29 2.33 -3.3 -2.41 8.65 2.26 -2.18 -3.19 -1.76 0.25 1.93 -1.92 -1.54 -5.26 -1.11 -1.92 4.36 1.35 -0.01 -1.07 2.44 5.57 4.39
KEGG_MELANOMA -4.37 -0.77 0.79 -5.26 -4.7 -4.58 8.95 4.22 -0.03 1.47 7.65 1.84 7.62 -0.69 1.25 -2.12 -4.57 -4.42 2.72 2.51 -7.18 -3.5 0.38 5.14 3.69 -0.88 -1.5 6.62 1.83 7.01 2.71 3.6 -7.04 -1.3 -0.75 0.63 -4 -5.19 -7.78
KEGG_BLADDER_CANCER -4.83 -0.42 0.91 -2.85 -4.14 -2.41 7.43 3.59 -0.92 0.15 5.64 1.63 4.21 -1.05 1.66 -2.09 -3.71 -3.2 1.64 2.48 -5 -2.78 0.39 2.83 3.42 -0.11 -1.03 4.45 1.08 3.49 2.23 2.53 -5.72 -1.24 -0.56 1.1 -3.3 -1.87 -3.63
KEGG_CHRONIC_MYELOID_LEUKEMIA -7.35 -2.04 -0.33 -1.1 -4.66 -0.81 7.35 5.07 0.23 1.98 6.89 -0.04 5.48 0.45 1.27 -2.73 -5.95 -4.08 -0.61 3.17 -3.89 -3.83 -0.86 3.86 2.8 -0.31 0.33 4.64 0.19 4.99 2.16 4.42 -6.23 1.04 0.15 1.39 -2.46 -1.85 -8.74
KEGG_ACUTE_MYELOID_LEUKEMIA 9.23 4.57 0.34 -2.38 4.2 0.57 -4.31 -4.89 1.72 -1.75 -4.26 1.44 -3.48 -1.69 -1.83 2.55 5.7 3.7 1.09 -3.63 1.09 3.67 0.99 -2.35 -1.8 1.1 -1.65 -4.2 0.51 -3.05 -2.03 -4.83 5.33 -3.38 -2.17 -2.45 1.02 -1.35 8.68
KEGG_SMALL_CELL_LUNG_CANCER -5.33 -0.89 2.21 -3.27 -5.59 -2.52 6.97 4.39 -0.62 1.96 6.55 -0.35 9.35 0.51 1.06 -4.01 -6.23 -4.7 1.65 2.53 -6.59 -4.57 -0.04 3.99 4.54 -1.21 0.68 6.08 1.63 6.19 2.31 4.42 -5.98 0.4 -0.5 1.06 -3.42 -4.5 -8.18
KEGG_NON_SMALL_CELL_LUNG_CANCER 5.58 1.75 0.35 4.34 3.97 1.32 -7.14 -4.4 -0.12 -0.97 -5.82 -1.11 -7.15 -0.64 -1.18 1.74 4.72 4 0.13 -3.56 6.29 3.72 0.25 -3.02 -1.93 0.68 0.62 -3.54 -1.72 -6.27 -1.55 -4.87 5.11 -0.72 0.61 -1.44 1.97 3.54 6.46
KEGG_ASTHMA -0.4 -0.64 -2.23 5.9 1.94 4.04 -6.83 0.05 -0.55 -1.3 -3.12 -2.59 -8.19 0.03 -0.96 1.34 1.29 3.67 -3.06 -1.89 6.76 2.29 -1.97 -4.01 1.4 -0.21 2.97 -2.74 -2.39 -7.08 -1.33 -0.34 4.53 2.41 1.84 0.85 2.79 5.61 2.11
KEGG_AUTOIMMUNE_THYROID_DISEASE 1.87 -1.66 -1.7 7.61 4.45 7.37 -10.23 -2.23 0.5 -1.89 -7.41 -3.64 -10.34 0.76 -1.92 1.84 3.58 4.75 -4.11 -2.6 8.49 3.45 -2.26 -5.36 -1.36 0.11 2.98 -4.85 -3.64 -8.35 -2.58 -1.11 7.74 4.05 0.92 0.77 5.41 6.98 3.6
KEGG_ALLOGRAFT_REJECTION -1.95 0.33 -1.41 6.41 0.88 4.67 -5.84 0.98 -1.69 -0.79 -1.19 -3.29 -11.14 -0.45 -0.39 0.78 0.59 4.01 -2.26 -1.18 7.21 1.34 -2.78 -3.56 3.52 -0.47 3.61 0.35 -3.78 -8.65 -2.09 1.61 2.95 2.73 2.51 1.82 1.71 5.04 -0.14
KEGG_GRAFT_VERSUS_HOST_DISEASE -2.92 0.16 -1.37 6.96 0.43 4.76 -4.55 1.97 -1.61 -0.12 -0.78 -3.4 -11.25 -0.67 0.05 0.38 -0.41 3.49 -2.45 -1.55 6.83 1.2 -3.21 -2.5 6.24 -0.72 4.16 1.38 -3.88 -8.98 -1.45 1.69 1.85 2 2.41 1.68 0.89 4.39 -1.08
KEGG_VIRAL_MYOCARDITIS 0.99 0.07 -1.51 7.2 3.22 4.26 -8.63 -1.77 -0.76 -1.24 -3.14 -3.27 -12.63 0.02 -1.11 1.76 2.83 4.58 -2.82 -1.58 9.15 3.56 -2.07 -4.14 0.45 -0.35 3 -2.91 -3.91 -9.04 -2.43 0.14 5.3 1.62 2.87 0.77 3.06 5.61 2.84
