KEGG_N_GLYCAN_BIOSYNTHESIS 1.73 1.74 1.66 1.82 1.72 1.74 1.8 1.92 1.77 1.79 1.74 1.65 1.71 1.8 1.74 1.7 1.66 1.73 1.54 1.6 1.73 1.61 1.61 1.74 1.87 1.74 1.78 1.82 1.64 1.69 1.71 1.73 1.64 1.81 1.67 1.67 1.64 1.79 1.68
KEGG_OTHER_GLYCAN_DEGRADATION 1.64 1.68 1.67 1.76 1.57 1.83 1.54 1.8 1.57 1.63 1.66 1.66 1.68 1.62 1.58 1.57 1.51 1.63 1.63 1.57 1.64 1.57 1.65 1.61 1.72 1.55 1.7 1.7 1.61 1.54 1.67 1.58 1.6 1.61 1.57 1.52 1.57 1.58 1.57
KEGG_O_GLYCAN_BIOSYNTHESIS 1.97 1.91 1.95 2.11 2 2.11 1.73 1.93 1.97 1.87 1.73 1.77 1.9 1.85 1.79 1.97 1.97 2.1 1.89 1.85 2.09 1.93 1.9 1.82 1.95 1.92 1.93 1.83 1.85 1.77 1.99 1.94 2.04 1.9 1.93 1.93 1.96 1.93 2.05
KEGG_GLYCOSAMINOGLYCAN_DEGRADATION 2.37 2.38 2.47 2.42 2.33 2.58 2.2 2.3 2.33 2.25 2.22 2.33 2.05 2.27 2.28 2.34 2.33 2.37 2.35 2.34 2.42 2.33 2.44 2.25 2.36 2.26 2.36 2.34 2.37 2.12 2.33 2.23 2.38 2.34 2.35 2.21 2.27 2.33 2.36
KEGG_GLYCOSAMINOGLYCAN_BIOSYNTHESIS_KERATAN_SULFATE 2.22 2.05 1.97 1.87 2.13 2.14 1.81 1.85 1.92 2.04 1.66 1.98 1.9 2 1.92 2.04 2.13 2.09 2.02 1.81 1.99 1.93 2.01 1.79 1.9 2 1.92 1.85 2.07 1.88 1.92 1.73 2.13 2.05 1.89 1.85 2.02 1.99 2.16
KEGG_GLYCEROLIPID_METABOLISM 2.6 2.6 2.68 2.66 2.67 2.68 2.4 2.53 2.64 2.63 2.41 2.59 2.49 2.69 2.58 2.63 2.58 2.64 2.54 2.62 2.65 2.64 2.6 2.56 2.59 2.59 2.63 2.46 2.56 2.6 2.52 2.63 2.66 2.68 2.6 2.62 2.64 2.67 2.49
KEGG_GLYCOSYLPHOSPHATIDYLINOSITOL_GPI_ANCHOR_BIOSYNTHESIS 1.43 1.44 1.37 1.43 1.44 1.49 1.38 1.47 1.61 1.46 1.4 1.55 1.43 1.43 1.34 1.42 1.46 1.51 1.27 1.31 1.4 1.45 1.28 1.32 1.54 1.47 1.32 1.32 1.39 1.34 1.44 1.35 1.46 1.54 1.3 1.26 1.36 1.46 1.39
KEGG_GLYCEROPHOSPHOLIPID_METABOLISM 2.26 2.22 2.19 2.15 2.27 2.19 2 2.05 2.15 2.15 1.95 2.13 2.05 2.17 2.1 2.12 2.19 2.25 2.13 2.09 2.15 2.24 2.17 2.11 2.1 2.09 2.15 1.97 2.07 2.17 2.08 2.12 2.31 2.17 2.12 2.15 2.22 2.08 2.19
KEGG_ETHER_LIPID_METABOLISM 2.48 2.43 2.47 2.57 2.6 2.52 2.49 2.52 2.66 2.6 2.35 2.54 2.49 2.65 2.48 2.56 2.57 2.52 2.41 2.47 2.51 2.59 2.46 2.59 2.38 2.55 2.56 2.37 2.47 2.56 2.52 2.53 2.64 2.58 2.42 2.58 2.61 2.5 2.52
KEGG_ARACHIDONIC_ACID_METABOLISM 2.44 2.43 2.35 2.6 2.42 2.48 2.19 2.35 2.38 2.45 2.33 2.37 2.21 2.47 2.34 2.36 2.41 2.49 2.28 2.32 2.55 2.43 2.31 2.33 2.49 2.38 2.46 2.37 2.39 2.35 2.41 2.4 2.45 2.54 2.41 2.39 2.41 2.47 2.35
KEGG_LINOLEIC_ACID_METABOLISM 1.35 1.36 1.33 1.42 1.42 1.36 1.41 1.45 1.35 1.5 1.39 1.48 1.55 1.59 1.42 1.36 1.4 1.43 1.35 1.38 1.36 1.42 1.35 1.42 1.4 1.32 1.56 1.32 1.38 1.59 1.43 1.55 1.42 1.53 1.43 1.5 1.51 1.52 1.35
KEGG_ALPHA_LINOLENIC_ACID_METABOLISM 1.71 1.61 1.65 1.65 1.66 1.63 1.49 1.57 1.53 1.6 1.55 1.63 1.79 1.73 1.58 1.71 1.68 1.63 1.58 1.69 1.59 1.71 1.55 1.58 1.51 1.48 1.71 1.48 1.58 1.83 1.55 1.83 1.64 1.72 1.69 1.75 1.77 1.69 1.54
KEGG_SPHINGOLIPID_METABOLISM 2.02 2.03 2.11 2.19 2.08 2.2 2.11 2.29 2.2 2.26 2.03 2.13 2.04 2.14 2.05 2.13 2.05 2.07 2.09 2.09 2.11 2.04 2.22 2.21 2.11 2.11 2.24 2.11 2.06 2.09 2.2 2.09 2.14 2.13 2.04 2.19 2.17 2.14 1.99
KEGG_GLYCOSPHINGOLIPID_BIOSYNTHESIS_LACTO_AND_NEOLACTO_SERIES 2.25 2.18 2.03 1.98 2.16 2.06 1.85 1.89 1.93 2.01 1.76 1.99 1.92 2.04 2.01 2.09 2.13 2.12 2.15 1.95 2.01 2.07 2.12 1.95 1.94 1.97 2.05 1.85 2.03 1.97 1.97 1.94 2.14 2.11 1.97 1.99 2.09 2 2.21
KEGG_GLYCOSPHINGOLIPID_BIOSYNTHESIS_GLOBO_SERIES 2.45 2.35 2.3 2.38 2.39 2.41 1.91 2.18 2.11 2.2 1.86 2.14 2.06 2.25 2.17 2.29 2.34 2.4 2.3 2.1 2.38 2.28 2.24 2.15 2.24 2.04 2.31 2.05 2.11 1.96 2.14 2.2 2.37 2.26 2.2 2.19 2.24 2.28 2.37
KEGG_GLYCOSPHINGOLIPID_BIOSYNTHESIS_GANGLIO_SERIES 1.61 1.66 1.64 1.84 1.65 1.79 1.52 1.67 1.75 1.63 1.52 1.67 1.41 1.72 1.63 1.63 1.63 1.73 1.52 1.55 1.79 1.57 1.52 1.64 1.68 1.61 1.71 1.7 1.6 1.38 1.49 1.53 1.68 1.75 1.59 1.5 1.54 1.75 1.7
KEGG_RIBOFLAVIN_METABOLISM 2.39 2.23 2.11 2.27 2.24 2.39 1.83 2.02 2.2 2 1.83 2.04 1.91 1.72 2 2.17 2.36 2.31 2.22 1.8 2.3 2.2 2.22 1.97 1.84 2.16 1.9 1.94 2.08 1.84 2.07 1.68 2.29 1.66 1.97 1.92 2.2 2.1 2.46
KEGG_NICOTINATE_AND_NICOTINAMIDE_METABOLISM 2 1.95 1.89 2.16 2.02 1.87 1.65 2.02 1.9 2.03 1.66 1.87 2.05 1.87 2.02 1.91 1.96 2.05 1.83 1.8 2.22 1.92 1.82 1.74 2.05 1.83 2.1 1.87 1.88 1.86 1.94 1.69 2.11 1.94 2 1.88 1.97 2.15 2.08
KEGG_PANTOTHENATE_AND_COA_BIOSYNTHESIS 1.82 1.86 1.81 2.02 1.74 1.85 1.56 1.79 1.69 1.77 1.66 1.7 1.57 1.72 1.76 1.64 1.7 1.9 1.73 1.68 1.93 1.69 1.82 1.72 1.77 1.75 1.85 1.8 1.69 1.66 1.74 1.67 1.91 1.74 1.75 1.7 1.87 1.92 1.94
KEGG_AMINOACYL_TRNA_BIOSYNTHESIS 1.71 1.8 1.55 1.76 1.64 1.79 1.41 1.55 1.76 1.73 1.43 1.66 1.66 1.57 1.5 1.7 1.59 1.86 1.56 1.41 1.64 1.6 1.62 1.56 1.65 1.6 1.57 1.42 1.58 1.52 1.58 1.55 1.67 1.65 1.42 1.46 1.61 1.59 1.7
KEGG_BASAL_TRANSCRIPTION_FACTORS 2.28 2.24 2.14 2.28 2.19 2.18 2.11 2.14 2.26 2.22 2.06 2.2 2.24 2.23 2.15 2.2 2.23 2.29 2.14 2.12 2.22 2.21 2.09 2.15 2.25 2.23 2.22 2.12 2.21 2.19 2.23 2.17 2.3 2.35 2.18 2.19 2.26 2.24 2.25
KEGG_NON_HOMOLOGOUS_END_JOINING 2.08 2.18 2.12 2.1 2.11 2.27 2.07 2.13 2.31 2.03 1.96 2.16 2.19 2.05 2.07 2.15 2.12 2.24 1.98 1.94 2.23 2.17 2.04 2.14 2.19 2.13 2.21 2.11 2.19 2.07 2.09 2 2.17 2.14 2.01 1.97 1.95 2.24 2.18
KEGG_SNARE_INTERACTIONS_IN_VESICULAR_TRANSPORT 2.36 2.29 2.15 2.31 2.35 2.34 2.09 2.18 2.4 2.22 2.07 2.32 1.97 2.16 2.11 2.27 2.33 2.27 2.22 2.02 2.24 2.27 2.25 2.18 2.19 2.32 2.16 2.28 2.22 1.95 2.27 2.09 2.35 2.07 2.12 2.13 2.28 2.3 2.42
KEGG_LYSOSOME 2.56 2.54 2.46 2.5 2.57 2.55 2.43 2.5 2.54 2.53 2.46 2.47 2.45 2.5 2.51 2.49 2.54 2.57 2.43 2.38 2.57 2.55 2.49 2.45 2.52 2.5 2.51 2.5 2.48 2.43 2.5 2.42 2.58 2.5 2.47 2.48 2.52 2.54 2.57
KEGG_CARDIAC_MUSCLE_CONTRACTION 3.58 3.5 3.36 3.51 3.54 3.48 3.26 3.43 3.57 3.54 3.15 3.52 3.45 3.44 3.37 3.49 3.49 3.54 3.41 3.21 3.45 3.43 3.47 3.38 3.46 3.44 3.37 3.23 3.45 3.36 3.46 3.21 3.47 3.39 3.32 3.28 3.48 3.48 3.59
KEGG_RENIN_ANGIOTENSIN_SYSTEM 2.59 2.32 2.43 2.37 2.48 2.43 1.8 2.14 2.31 2.3 1.85 2.39 2.34 2.53 2.33 2.45 2.5 2.55 2.22 2.27 2.6 2.6 2.5 2.03 2.34 2.2 2.4 1.83 2.39 2.42 2.12 2.4 2.48 2.6 2.34 2.29 2.38 2.32 2.42
KEGG_CIRCADIAN_RHYTHM_MAMMAL 1.29 1.31 1.24 1.5 1.52 1.48 1.13 1.17 1.19 1.33 1.22 1.28 1.03 1.37 1.33 1.3 1.21 1.4 1.14 1.26 1.56 1.42 1.21 1.18 1.28 1.22 1.32 1.32 1.16 1.08 1.36 1.37 1.28 1.42 1.4 1.5 1.27 1.29 1.33
KEGG_TASTE_TRANSDUCTION 3.09 2.9 2.9 2.8 3 2.81 2.57 2.63 2.77 2.64 2.59 2.79 2.55 2.78 2.69 2.92 2.95 2.9 2.91 2.74 2.87 2.92 2.83 2.7 2.71 2.85 2.75 2.71 2.81 2.61 2.79 2.76 3.04 2.75 2.8 2.77 2.92 2.72 3.09
KEGG_PROXIMAL_TUBULE_BICARBONATE_RECLAMATION 3.52 3.3 3.29 3.46 3.45 3.15 2.76 3.06 3.28 3.32 2.7 3.21 3.12 3.37 3.2 3.33 3.58 3.35 3.24 3.05 3.57 3.36 3.26 3.17 3 3.25 3.32 2.81 3.24 3.01 3.26 3.08 3.52 3.26 3.22 3.18 3.31 3.15 3.53
KEGG_PATHOGENIC_ESCHERICHIA_COLI_INFECTION 3.42 3.18 3.1 3.09 3.39 3.14 2.9 2.89 3.14 3.05 2.95 3.2 3.11 3.12 3.07 3.29 3.35 3.19 3.13 2.97 3.24 3.32 3.06 2.97 2.93 3.12 3.07 2.99 3.17 3.18 3 3.08 3.17 3.12 3.13 2.99 3.09 3.13 3.38
KEGG_SYSTEMIC_LUPUS_ERYTHEMATOSUS 2.32 2.75 2.5 3.17 2.38 2.9 2.43 2.9 2.49 2.68 2.82 2.33 1.99 2.67 2.9 2.56 2.38 2.95 2.51 2.52 3.24 2.47 2.42 2.44 3.12 2.56 3.1 2.94 2.37 2.11 2.67 2.77 2.63 2.83 3.13 2.79 2.51 3.06 2.33
KEGG_PRIMARY_IMMUNODEFICIENCY 1.48 1.66 1.67 2.03 1.54 1.78 1.56 1.84 1.63 1.72 1.68 1.59 1.57 1.69 1.8 1.63 1.44 1.8 1.57 1.65 1.94 1.5 1.56 1.55 1.84 1.62 1.85 1.81 1.59 1.63 1.74 1.73 1.63 1.79 1.84 1.65 1.62 1.85 1.49
KEGG_HYPERTROPHIC_CARDIOMYOPATHY_HCM 2.41 2.39 2.49 2.51 2.42 2.62 2.28 2.38 2.47 2.39 2.33 2.45 2.4 2.46 2.45 2.46 2.44 2.44 2.37 2.43 2.57 2.43 2.4 2.37 2.48 2.45 2.49 2.35 2.42 2.37 2.36 2.43 2.48 2.51 2.48 2.43 2.44 2.48 2.4
KEGG_ARRHYTHMOGENIC_RIGHT_VENTRICULAR_CARDIOMYOPATHY_ARVC 2.66 2.68 2.77 2.81 2.77 2.84 2.58 2.72 2.71 2.73 2.55 2.71 2.71 2.81 2.75 2.75 2.72 2.72 2.65 2.69 2.83 2.72 2.72 2.67 2.72 2.71 2.81 2.57 2.72 2.7 2.67 2.71 2.77 2.86 2.76 2.74 2.76 2.8 2.62
KEGG_DILATED_CARDIOMYOPATHY 2.62 2.59 2.67 2.69 2.63 2.73 2.42 2.55 2.64 2.57 2.44 2.65 2.57 2.65 2.59 2.64 2.61 2.63 2.57 2.57 2.72 2.61 2.59 2.53 2.63 2.62 2.66 2.49 2.61 2.54 2.55 2.59 2.68 2.68 2.63 2.61 2.63 2.63 2.62
KEGG_GLYCOLYSIS_GLUCONEOGENESIS 3.66 3.55 3.36 3.31 3.59 3.4 2.94 3.05 3.46 3.25 2.93 3.46 3.17 3.43 3.32 3.46 3.53 3.56 3.29 3.21 3.48 3.53 3.41 3.13 3.18 3.4 3.3 2.94 3.35 3.26 3.2 3.25 3.54 3.38 3.38 3.23 3.42 3.29 3.67
KEGG_CITRATE_CYCLE_TCA_CYCLE 2.17 2.08 1.82 2.05 2.08 1.86 1.76 1.68 2.11 1.82 1.71 2.02 1.82 1.83 1.8 1.98 2.14 2.1 1.87 1.74 1.97 2.07 1.79 1.72 1.87 1.99 1.74 1.65 1.91 1.77 1.81 1.76 2.02 1.84 1.81 1.63 1.82 1.69 2.26
KEGG_PENTOSE_PHOSPHATE_PATHWAY 2.8 2.76 2.58 2.38 2.77 2.7 2.31 2.28 2.74 2.52 2.23 2.75 2.35 2.71 2.5 2.64 2.71 2.77 2.48 2.44 2.6 2.68 2.62 2.44 2.51 2.74 2.55 2.26 2.67 2.56 2.42 2.53 2.8 2.66 2.47 2.46 2.63 2.46 2.88
KEGG_PENTOSE_AND_GLUCURONATE_INTERCONVERSIONS 2.75 2.49 2.44 2.59 2.67 2.53 2.34 2.4 2.79 2.46 2.24 2.64 2.21 2.54 2.45 2.66 2.61 2.62 2.31 2.31 2.67 2.68 2.42 2.43 2.69 2.65 2.46 2.34 2.56 2.39 2.5 2.47 2.74 2.63 2.45 2.48 2.6 2.55 2.71
KEGG_FRUCTOSE_AND_MANNOSE_METABOLISM 3.07 3.02 2.92 2.73 3 2.94 2.6 2.62 3 2.81 2.53 2.96 2.64 2.91 2.78 2.92 2.94 3.03 2.86 2.73 2.85 2.98 2.91 2.71 2.73 2.93 2.82 2.51 2.88 2.76 2.75 2.8 3 2.9 2.78 2.79 2.9 2.77 3.12
KEGG_GALACTOSE_METABOLISM 3.01 2.92 2.69 2.74 2.89 2.67 2.36 2.45 2.86 2.64 2.24 2.82 2.44 2.7 2.62 2.77 2.81 2.92 2.65 2.49 2.75 2.86 2.66 2.5 2.54 2.71 2.59 2.34 2.59 2.5 2.59 2.53 2.83 2.69 2.58 2.48 2.69 2.57 2.91
KEGG_ASCORBATE_AND_ALDARATE_METABOLISM 2.83 2.84 3.03 2.87 2.85 2.95 2.52 2.74 2.8 2.92 2.51 2.83 2.86 3 2.88 2.99 2.82 2.91 2.78 2.92 2.93 2.79 2.91 2.75 2.77 2.76 2.98 2.45 2.88 2.85 2.67 2.82 2.9 2.92 2.89 2.88 2.99 2.93 2.73
KEGG_FATTY_ACID_METABOLISM 2.39 2.37 2.4 2.36 2.39 2.43 2.16 2.31 2.49 2.41 2.09 2.44 2.46 2.49 2.39 2.46 2.34 2.45 2.24 2.29 2.42 2.35 2.32 2.32 2.41 2.4 2.49 2.16 2.41 2.44 2.35 2.37 2.41 2.5 2.44 2.4 2.48 2.47 2.33
KEGG_STEROID_BIOSYNTHESIS 2.53 2.5 2.28 2.47 2.53 2.47 2.5 2.33 2.7 2.25 2.25 2.63 2.35 2.27 2.16 2.41 2.48 2.48 2.23 2.19 2.38 2.42 2.24 2.36 2.34 2.6 2.33 2.3 2.51 2.21 2.35 2.12 2.38 2.23 2.09 2.41 2.48 2.33 2.53
KEGG_PRIMARY_BILE_ACID_BIOSYNTHESIS 2.41 2.4 2.49 2.64 2.44 2.52 2.26 2.56 2.56 2.47 2.27 2.57 2.28 2.48 2.33 2.48 2.44 2.51 2.38 2.35 2.55 2.37 2.41 2.44 2.6 2.54 2.56 2.46 2.57 2.36 2.49 2.36 2.59 2.55 2.41 2.55 2.52 2.51 2.44
KEGG_STEROID_HORMONE_BIOSYNTHESIS 1.89 1.93 1.88 2.04 1.98 2.01 1.91 1.97 2.21 2.23 1.81 2.06 2.12 2.31 1.86 1.96 1.93 2.02 1.83 1.92 2.03 1.93 1.82 1.95 2 2.08 2.22 1.75 1.93 2.04 2.06 1.73 1.96 2.27 1.8 1.96 2.09 2.08 1.95
KEGG_OXIDATIVE_PHOSPHORYLATION 2.57 2.54 2.34 2.4 2.51 2.4 2.43 2.44 2.55 2.51 2.31 2.51 2.54 2.45 2.4 2.48 2.5 2.52 2.45 2.27 2.36 2.47 2.48 2.42 2.45 2.46 2.34 2.33 2.48 2.43 2.51 2.28 2.47 2.41 2.35 2.31 2.45 2.42 2.59
KEGG_PURINE_METABOLISM 2.19 2.12 2.02 2.12 2.13 2.21 1.91 2 2.17 2.07 1.86 2.11 2.02 2.14 2 2.09 2.09 2.17 1.98 1.95 2.15 2.1 2 1.99 2.14 2.08 2.07 1.97 2.05 2.07 2.03 1.98 2.16 2.17 1.99 1.99 2.1 2.1 2.17
KEGG_PYRIMIDINE_METABOLISM 2.08 2.04 1.97 2.08 2.03 2.15 1.94 2 2.08 2.06 1.89 2.01 1.99 2.09 1.94 2.03 2.03 2.08 1.94 1.9 2.04 1.99 1.95 1.95 2.09 2.03 2.03 1.98 2.01 2.07 2.01 1.91 2.07 2.13 1.95 1.94 2.03 2.08 2.07
KEGG_ALANINE_ASPARTATE_AND_GLUTAMATE_METABOLISM 2.54 2.45 2.55 2.49 2.59 2.46 2.18 2.3 2.56 2.41 2.26 2.63 2.45 2.42 2.37 2.44 2.58 2.42 2.44 2.49 2.57 2.52 2.55 2.41 2.4 2.59 2.49 2.3 2.64 2.42 2.5 2.38 2.6 2.29 2.31 2.46 2.53 2.4 2.71
KEGG_GLYCINE_SERINE_AND_THREONINE_METABOLISM 2.35 2.38 2.4 2.51 2.44 2.53 2.14 2.31 2.43 2.53 2.21 2.47 2.5 2.67 2.47 2.5 2.41 2.5 2.28 2.28 2.57 2.44 2.38 2.27 2.32 2.42 2.52 2.22 2.43 2.48 2.31 2.4 2.43 2.67 2.45 2.41 2.46 2.46 2.35
KEGG_CYSTEINE_AND_METHIONINE_METABOLISM 3.07 2.99 2.86 3 3.03 2.99 2.64 2.79 2.97 2.83 2.68 2.96 2.82 2.92 2.92 2.94 2.99 3 2.83 2.77 3.02 3.03 2.93 2.79 2.8 2.97 2.89 2.68 2.94 2.84 2.89 2.78 3.06 2.85 2.88 2.86 2.99 2.96 3.09
KEGG_VALINE_LEUCINE_AND_ISOLEUCINE_DEGRADATION 2.28 2.35 2.38 2.28 2.26 2.34 2.08 2.27 2.28 2.33 2.04 2.27 2.33 2.37 2.26 2.34 2.24 2.36 2.25 2.28 2.23 2.25 2.35 2.25 2.23 2.25 2.36 2.04 2.29 2.34 2.24 2.35 2.34 2.37 2.32 2.32 2.39 2.33 2.26
KEGG_LYSINE_DEGRADATION 2.25 2.21 2.27 2.24 2.24 2.34 2.01 2.14 2.25 2.26 1.97 2.26 2.25 2.36 2.2 2.28 2.21 2.27 2.14 2.19 2.27 2.2 2.23 2.14 2.23 2.17 2.29 1.97 2.23 2.28 2.09 2.2 2.27 2.38 2.19 2.22 2.29 2.31 2.26
KEGG_ARGININE_AND_PROLINE_METABOLISM 2.75 2.66 2.77 2.83 2.78 2.83 2.44 2.7 2.69 2.78 2.51 2.72 2.7 2.72 2.72 2.74 2.78 2.74 2.66 2.7 2.87 2.76 2.8 2.64 2.69 2.7 2.87 2.62 2.8 2.68 2.65 2.62 2.81 2.67 2.72 2.78 2.79 2.77 2.85
KEGG_HISTIDINE_METABOLISM 2.65 2.74 2.75 2.69 2.65 2.72 2.41 2.66 2.66 2.73 2.48 2.8 2.89 2.87 2.68 2.68 2.61 2.75 2.59 2.66 2.76 2.65 2.68 2.64 2.71 2.5 2.81 2.45 2.75 2.87 2.5 2.73 2.75 2.82 2.66 2.69 2.67 2.77 2.58
KEGG_TYROSINE_METABOLISM 2.76 2.73 2.44 2.48 2.69 2.54 2.22 2.33 2.66 2.44 2.17 2.61 2.45 2.57 2.42 2.58 2.63 2.77 2.47 2.22 2.64 2.71 2.51 2.31 2.44 2.47 2.42 2.15 2.48 2.5 2.35 2.35 2.69 2.55 2.43 2.36 2.48 2.41 2.75
KEGG_PHENYLALANINE_METABOLISM 3.13 3.14 2.84 2.94 3.02 2.88 2.64 2.81 3.16 2.97 2.66 3.2 3.02 3.22 2.94 2.97 3 3.17 2.85 2.68 3.04 3.11 2.92 2.83 2.91 2.96 2.98 2.6 3.05 3.08 2.73 2.94 3.13 3.18 2.94 2.95 3.02 2.96 3.14
KEGG_TRYPTOPHAN_METABOLISM 2.8 2.81 2.81 2.74 2.78 2.92 2.48 2.67 2.78 2.78 2.47 2.87 2.9 2.94 2.74 2.81 2.77 2.84 2.62 2.67 2.86 2.76 2.76 2.67 2.75 2.66 2.87 2.48 2.84 2.93 2.52 2.78 2.88 2.92 2.78 2.75 2.87 2.88 2.79
KEGG_BETA_ALANINE_METABOLISM 2.82 2.83 2.92 2.77 2.81 2.82 2.49 2.65 2.79 2.77 2.49 2.82 2.93 2.9 2.78 2.85 2.82 2.83 2.7 2.78 2.82 2.74 2.83 2.64 2.66 2.82 2.84 2.5 2.81 2.89 2.69 2.79 2.92 2.8 2.79 2.8 2.88 2.8 2.85
KEGG_SELENOAMINO_ACID_METABOLISM 2.29 2.35 2.35 2.46 2.41 2.4 2.12 2.31 2.41 2.36 2.27 2.34 2.36 2.29 2.41 2.32 2.33 2.4 2.25 2.29 2.4 2.42 2.34 2.38 2.24 2.4 2.4 2.24 2.38 2.34 2.27 2.25 2.34 2.21 2.27 2.29 2.37 2.36 2.35
KEGG_GLUTATHIONE_METABOLISM 2.51 2.44 2.26 2.43 2.38 2.4 1.94 2.2 2.36 2.33 2.13 2.25 2.14 2.27 2.25 2.38 2.39 2.5 2.27 2.14 2.48 2.4 2.27 2.13 2.32 2.34 2.33 2.23 2.3 2.23 2.27 2.18 2.46 2.28 2.29 2.2 2.33 2.43 2.47
KEGG_STARCH_AND_SUCROSE_METABOLISM 2.68 2.53 2.38 2.41 2.63 2.41 1.91 2.08 2.35 2.17 1.93 2.34 2.05 2.28 2.23 2.49 2.54 2.56 2.32 2.23 2.55 2.54 2.37 2.04 2.22 2.28 2.24 2.02 2.24 2.15 2.22 2.23 2.57 2.27 2.25 2.2 2.36 2.34 2.64
KEGG_AMINO_SUGAR_AND_NUCLEOTIDE_SUGAR_METABOLISM 2.59 2.48 2.33 2.34 2.48 2.3 2.09 2.19 2.38 2.25 2.04 2.38 2.14 2.33 2.28 2.35 2.4 2.49 2.29 2.22 2.31 2.43 2.27 2.14 2.32 2.3 2.21 2.11 2.27 2.25 2.21 2.23 2.42 2.3 2.23 2.18 2.3 2.26 2.56
KEGG_GLYCOSAMINOGLYCAN_BIOSYNTHESIS_CHONDROITIN_SULFATE 1.66 1.55 1.56 1.62 1.61 1.68 1.62 1.63 1.61 1.68 1.68 1.68 1.69 1.7 1.58 1.75 1.68 1.67 1.68 1.62 1.68 1.63 1.56 1.72 1.8 1.72 1.77 1.8 1.66 1.66 1.72 1.69 1.71 1.78 1.59 1.79 1.69 1.64 1.74
KEGG_GLYCOSAMINOGLYCAN_BIOSYNTHESIS_HEPARAN_SULFATE 1.91 1.87 1.86 1.84 1.95 1.81 1.79 1.65 1.94 1.7 1.78 1.9 1.67 1.86 1.72 1.92 1.87 1.95 1.83 1.75 1.85 1.87 1.8 1.8 1.69 1.91 1.78 1.86 1.77 1.77 1.85 1.8 1.84 1.82 1.71 1.82 1.78 1.87 1.84
KEGG_INOSITOL_PHOSPHATE_METABOLISM 2.34 2.29 2.26 2.23 2.35 2.26 2.28 2.23 2.36 2.23 2.15 2.33 2.3 2.28 2.17 2.32 2.33 2.31 2.2 2.22 2.19 2.33 2.28 2.35 2.24 2.26 2.25 2.12 2.24 2.23 2.29 2.33 2.32 2.29 2.21 2.28 2.32 2.27 2.35
KEGG_PYRUVATE_METABOLISM 2.95 2.81 2.69 2.76 2.93 2.66 2.42 2.57 2.8 2.67 2.38 2.77 2.57 2.78 2.68 2.83 2.89 2.84 2.63 2.6 2.88 2.87 2.67 2.49 2.63 2.75 2.65 2.43 2.7 2.64 2.63 2.64 2.84 2.73 2.72 2.62 2.74 2.64 2.95
KEGG_GLYOXYLATE_AND_DICARBOXYLATE_METABOLISM 3.25 3.07 2.76 2.92 3.11 2.85 2.51 2.53 3.04 2.62 2.51 2.92 2.48 2.76 2.74 2.87 3.05 3.01 2.78 2.56 3.04 3.01 2.88 2.59 2.67 2.91 2.63 2.53 2.8 2.5 2.74 2.6 2.96 2.63 2.7 2.57 2.78 2.75 3.28
KEGG_PROPANOATE_METABOLISM 2.82 2.77 2.79 2.75 2.8 2.72 2.43 2.57 2.65 2.68 2.4 2.69 2.65 2.77 2.72 2.8 2.79 2.76 2.66 2.71 2.78 2.75 2.77 2.55 2.58 2.66 2.74 2.42 2.68 2.75 2.6 2.74 2.78 2.69 2.75 2.75 2.79 2.75 2.83
KEGG_BUTANOATE_METABOLISM 2.72 2.69 2.75 2.64 2.71 2.73 2.36 2.52 2.78 2.66 2.33 2.69 2.7 2.72 2.63 2.72 2.64 2.72 2.6 2.64 2.7 2.64 2.69 2.6 2.57 2.7 2.7 2.33 2.66 2.63 2.59 2.6 2.76 2.66 2.63 2.65 2.79 2.7 2.72
KEGG_ONE_CARBON_POOL_BY_FOLATE 1.49 1.71 1.77 1.94 1.52 1.86 1.38 1.48 1.65 1.66 1.48 1.73 1.51 1.81 1.64 1.59 1.5 1.67 1.48 1.56 1.81 1.51 1.75 1.53 1.67 1.52 1.66 1.46 1.64 1.6 1.67 1.66 1.65 1.74 1.74 1.69 1.66 1.71 1.55
KEGG_FOLATE_BIOSYNTHESIS 3.09 3.08 2.76 3.02 3.16 2.85 3.22 3.01 3.46 3.14 3.15 3.36 3.05 3.31 3.01 3.12 3.11 3.21 2.95 2.75 2.92 3.1 2.82 3.27 3.1 3.38 2.99 3.11 3.2 2.97 3.27 2.91 3.12 3.18 2.89 2.99 3.13 3.03 3.14
KEGG_RETINOL_METABOLISM 2.07 1.92 1.77 1.82 2.03 1.88 1.48 1.76 1.62 1.74 1.6 1.65 1.77 1.7 1.69 1.98 2.04 1.99 1.79 1.7 2 1.99 1.86 1.61 1.72 1.65 1.84 1.61 1.72 1.65 1.63 1.68 1.95 1.67 1.68 1.76 1.8 1.89 2.18
KEGG_PORPHYRIN_AND_CHLOROPHYLL_METABOLISM 2.5 2.4 2.38 2.51 2.46 2.47 2.24 2.36 2.6 2.37 2.19 2.47 2.37 2.4 2.44 2.49 2.45 2.48 2.23 2.37 2.47 2.45 2.28 2.32 2.55 2.5 2.42 2.31 2.44 2.35 2.38 2.33 2.49 2.54 2.38 2.36 2.46 2.41 2.52
KEGG_TERPENOID_BACKBONE_BIOSYNTHESIS 2.44 2.31 2.15 2.21 2.33 2.23 2.02 2.13 2.38 2.13 1.94 2.24 2.08 2.06 2.01 2.18 2.29 2.22 2.09 2.02 2.09 2.23 2.11 2.04 2.19 2.32 2.11 1.97 2.19 2.04 2 1.99 2.14 2 1.93 2.06 2.15 2.15 2.41
KEGG_NITROGEN_METABOLISM 2.77 2.73 2.67 2.96 2.99 2.68 2.48 2.61 2.9 2.67 2.53 2.7 2.66 2.73 2.7 2.72 2.91 2.78 2.57 2.51 3.06 2.89 2.74 2.75 2.61 2.87 2.83 2.59 2.84 2.62 2.83 2.51 2.9 2.74 2.62 2.68 2.86 2.75 2.98
KEGG_SULFUR_METABOLISM 2.25 2.1 2.11 2.08 2.17 2.21 1.98 2.15 2.26 2.11 2 2.26 1.96 2.22 2.06 2.3 2.21 2.22 2.07 2.07 2.17 2.26 2 2.17 2.18 2.27 2.15 2.07 2.19 2.06 2.03 2.12 2.36 2.27 2.11 2.23 2.27 2.14 2.28
KEGG_METABOLISM_OF_XENOBIOTICS_BY_CYTOCHROME_P450 2.4 2.31 2.22 2.31 2.29 2.34 2.05 2.09 2.45 2.35 1.98 2.3 2.22 2.5 2.14 2.37 2.35 2.45 2.23 2.17 2.4 2.29 2.16 2.14 2.3 2.36 2.45 2.01 2.29 2.33 2.15 2.21 2.49 2.51 2.16 2.2 2.41 2.36 2.32
KEGG_DRUG_METABOLISM_CYTOCHROME_P450 2.29 2.22 2.15 2.24 2.19 2.23 1.93 2.05 2.24 2.19 1.97 2.22 2.15 2.26 2.15 2.28 2.24 2.31 2.16 2.1 2.28 2.19 2.11 2.03 2.2 2.17 2.25 2 2.21 2.2 2.02 2.17 2.37 2.25 2.18 2.11 2.26 2.26 2.19
KEGG_DRUG_METABOLISM_OTHER_ENZYMES 1.87 1.81 1.84 2.01 1.81 1.98 1.67 1.73 1.71 1.69 1.65 1.71 1.54 1.64 1.73 1.78 1.8 1.89 1.76 1.75 1.89 1.76 1.86 1.55 1.8 1.72 1.71 1.81 1.68 1.54 1.82 1.72 1.83 1.72 1.78 1.68 1.73 1.84 1.89
KEGG_BIOSYNTHESIS_OF_UNSATURATED_FATTY_ACIDS 2.79 2.62 2.6 2.51 2.87 2.73 2.61 2.7 2.91 2.58 2.56 2.78 2.68 2.65 2.7 2.76 2.8 2.74 2.43 2.59 2.75 2.82 2.55 2.74 2.69 2.91 2.82 2.68 2.76 2.57 2.6 2.62 2.74 2.59 2.68 2.66 2.65 2.66 2.76
KEGG_ABC_TRANSPORTERS 2.05 1.93 2.12 2.21 2.18 2.27 2.07 2.21 2.21 2.14 2.11 2.12 2.07 2.08 2.07 2.1 2.1 2.11 2.05 2.11 2.18 2.18 1.98 2.19 2.23 2.17 2.22 2.2 2.08 1.98 2.24 2.22 2.21 2.27 2.09 2.17 2.15 2.13 2.11
KEGG_RIBOSOME 2.01 2.06 2.28 2.05 2.06 2.3 2.35 2.15 2.11 2.13 2.31 2.2 2.27 2.03 2.07 2.06 2.05 2.05 2.11 2.31 2.04 2.08 2.26 2.36 2.11 2.11 2.12 2.33 2.26 2.24 2.12 2.15 2.24 2.06 2.06 2.1 2.31 2.12 1.99
KEGG_RNA_DEGRADATION 2.18 2.21 2.07 2.13 2.07 2.09 1.91 2.02 2.13 2.21 1.84 2.05 2.16 2.2 2.02 2 2.06 2.19 2.02 1.89 2.13 2.06 2.07 2.03 2.01 2.1 2.13 1.95 2.02 2.13 2.1 1.89 2.14 2.15 1.98 2.05 2.16 2.17 2.18
KEGG_RNA_POLYMERASE 1.97 2.02 1.92 1.96 1.92 2.13 1.99 1.98 2.08 2.02 1.94 2.02 1.99 2.04 1.83 2.02 1.9 2.06 1.9 1.86 1.88 1.89 1.9 1.94 2.18 1.99 1.98 1.98 1.96 2.11 2 1.83 1.98 2.12 1.87 1.86 1.95 2.02 1.93
KEGG_DNA_REPLICATION 1.86 1.86 1.85 1.97 1.9 2.07 1.8 1.96 1.96 1.94 1.7 1.92 1.87 1.86 1.82 1.9 1.87 1.91 1.77 1.81 1.93 1.85 1.86 1.9 1.89 1.89 1.9 1.85 1.85 1.83 1.84 1.8 1.92 1.94 1.82 1.78 1.86 2.02 1.89
KEGG_SPLICEOSOME 1.9 1.85 1.84 1.93 1.88 1.92 1.85 1.92 1.92 1.93 1.8 1.87 1.9 1.84 1.85 1.88 1.89 1.87 1.85 1.81 1.9 1.83 1.86 1.89 1.89 1.92 1.86 1.86 1.91 1.83 1.92 1.79 1.86 1.82 1.81 1.85 1.87 1.92 1.89
KEGG_PROTEASOME 1.88 1.82 1.58 1.7 1.81 1.57 1.7 1.68 1.8 1.74 1.48 1.81 1.89 1.7 1.61 1.72 1.73 1.67 1.7 1.58 1.58 1.76 1.74 1.65 1.68 1.74 1.54 1.46 1.8 1.73 1.76 1.53 1.71 1.66 1.5 1.55 1.68 1.55 1.87
KEGG_PROTEIN_EXPORT 1.47 1.5 1.75 1.61 1.45 1.62 1.68 2.04 1.47 1.96 1.74 1.57 1.93 1.78 1.69 1.63 1.5 1.53 1.72 1.77 1.53 1.44 1.7 1.79 1.75 1.65 1.73 1.65 1.75 1.98 1.65 1.74 1.55 1.75 1.79 1.69 1.68 1.73 1.48
KEGG_PPAR_SIGNALING_PATHWAY 2.66 2.56 2.62 2.83 2.67 2.76 2.46 2.59 2.62 2.67 2.41 2.64 2.6 2.74 2.74 2.67 2.69 2.68 2.51 2.6 2.88 2.64 2.59 2.6 2.62 2.64 2.78 2.53 2.62 2.58 2.66 2.63 2.69 2.74 2.79 2.68 2.67 2.79 2.61
KEGG_BASE_EXCISION_REPAIR 1.91 1.82 1.8 1.98 1.92 1.86 1.87 1.87 1.94 1.97 1.81 1.82 1.89 1.91 1.89 1.9 1.93 1.87 1.78 1.81 1.97 1.86 1.86 1.86 1.84 1.95 1.94 1.89 1.9 1.85 1.85 1.82 1.96 1.88 1.88 1.87 1.92 1.96 1.92
KEGG_NUCLEOTIDE_EXCISION_REPAIR 2.05 2.02 2.03 2.09 2.09 2.1 1.92 2.04 2.05 2.08 1.93 2.03 2.03 1.98 1.99 2.1 2.07 2.06 1.97 2.04 2.04 2.06 2.05 1.97 2.06 2.02 2.05 2 2.03 2.02 1.99 2 2.06 2.08 2 1.98 2.03 2.14 2.09
KEGG_MISMATCH_REPAIR 1.82 1.89 1.83 1.97 1.87 1.93 1.77 1.98 1.93 1.96 1.7 1.86 1.86 1.81 1.82 1.93 1.84 1.95 1.8 1.79 1.85 1.8 1.87 1.86 1.93 1.82 1.88 1.81 1.82 1.84 1.88 1.77 1.9 1.93 1.78 1.73 1.85 2.01 1.85
KEGG_HOMOLOGOUS_RECOMBINATION 1.88 1.81 1.76 2.05 1.81 2.06 1.68 1.89 2.01 1.81 1.74 1.89 1.9 1.77 1.81 1.85 1.91 1.95 1.73 1.73 2.02 1.84 1.83 1.72 1.93 1.82 1.76 1.83 1.89 1.79 1.86 1.73 1.95 1.87 1.74 1.68 1.83 1.94 2.02
KEGG_MAPK_SIGNALING_PATHWAY 2.39 2.37 2.38 2.51 2.43 2.47 2.32 2.38 2.36 2.42 2.22 2.35 2.4 2.45 2.4 2.39 2.37 2.43 2.3 2.31 2.48 2.42 2.31 2.41 2.46 2.37 2.49 2.31 2.36 2.39 2.44 2.33 2.49 2.51 2.42 2.45 2.46 2.52 2.39
KEGG_ERBB_SIGNALING_PATHWAY 2.21 2.12 2.11 2.18 2.19 2.13 1.93 2 2.1 2.07 1.96 2.12 1.97 2.08 2.01 2.14 2.15 2.17 2.07 2.02 2.18 2.17 2.1 2.04 2.13 2.13 2.11 1.97 2.08 1.98 2.1 2.03 2.21 2.12 2.07 2.1 2.17 2.12 2.18
KEGG_CALCIUM_SIGNALING_PATHWAY 2.72 2.61 2.58 2.57 2.63 2.62 2.32 2.46 2.58 2.53 2.29 2.58 2.49 2.54 2.46 2.61 2.61 2.65 2.58 2.45 2.6 2.61 2.59 2.49 2.48 2.56 2.58 2.35 2.54 2.47 2.51 2.49 2.7 2.54 2.51 2.54 2.63 2.54 2.68
KEGG_CYTOKINE_CYTOKINE_RECEPTOR_INTERACTION 1.56 1.62 1.76 2.02 1.7 1.88 1.61 1.83 1.68 1.81 1.77 1.64 1.61 1.74 1.8 1.72 1.58 1.75 1.71 1.75 1.93 1.72 1.71 1.68 1.9 1.71 1.89 1.82 1.63 1.63 1.79 1.78 1.71 1.8 1.84 1.82 1.77 1.91 1.58
KEGG_CHEMOKINE_SIGNALING_PATHWAY 2.39 2.35 2.38 2.53 2.43 2.43 2.21 2.31 2.36 2.35 2.23 2.3 2.23 2.34 2.35 2.37 2.35 2.41 2.28 2.31 2.53 2.41 2.34 2.28 2.33 2.37 2.39 2.32 2.29 2.25 2.37 2.3 2.46 2.39 2.37 2.35 2.43 2.45 2.4
KEGG_PHOSPHATIDYLINOSITOL_SIGNALING_SYSTEM 2.62 2.54 2.52 2.54 2.6 2.53 2.41 2.46 2.56 2.48 2.36 2.54 2.48 2.49 2.4 2.55 2.59 2.59 2.47 2.44 2.5 2.58 2.52 2.53 2.46 2.49 2.48 2.37 2.48 2.38 2.59 2.47 2.6 2.52 2.43 2.49 2.55 2.52 2.59
KEGG_NEUROACTIVE_LIGAND_RECEPTOR_INTERACTION 1.78 1.71 1.75 1.81 1.79 1.8 1.58 1.67 1.66 1.69 1.6 1.65 1.64 1.67 1.7 1.74 1.77 1.77 1.75 1.69 1.81 1.81 1.74 1.64 1.68 1.68 1.78 1.65 1.7 1.65 1.69 1.73 1.8 1.71 1.75 1.75 1.76 1.78 1.73
KEGG_CELL_CYCLE 2.4 2.29 2.31 2.53 2.44 2.45 2.3 2.34 2.46 2.4 2.28 2.37 2.32 2.36 2.36 2.37 2.43 2.38 2.28 2.29 2.49 2.41 2.31 2.38 2.38 2.45 2.44 2.37 2.38 2.26 2.45 2.28 2.45 2.39 2.36 2.4 2.44 2.53 2.43
KEGG_OOCYTE_MEIOSIS 2.9 2.72 2.69 2.71 2.84 2.75 2.53 2.61 2.74 2.7 2.52 2.74 2.63 2.67 2.66 2.76 2.86 2.77 2.68 2.6 2.79 2.82 2.71 2.62 2.63 2.72 2.72 2.59 2.72 2.62 2.69 2.62 2.87 2.7 2.66 2.68 2.79 2.74 2.91
KEGG_P53_SIGNALING_PATHWAY 1.94 1.94 1.92 2.24 2.01 2.1 1.77 1.96 1.97 2.04 1.8 1.89 1.91 2.02 2.05 1.93 1.91 1.98 1.85 1.93 2.15 2.03 1.95 1.9 1.95 1.91 2.02 1.85 1.87 1.88 1.94 1.84 1.99 2.04 2.04 2.04 2.04 2.25 1.94
KEGG_UBIQUITIN_MEDIATED_PROTEOLYSIS 2.24 2.15 2.08 2.18 2.22 2.16 2.02 2.1 2.22 2.12 2.01 2.14 2.1 2.12 2.09 2.14 2.2 2.21 2.1 2 2.2 2.17 2.11 2.08 2.11 2.15 2.11 2.02 2.11 2.05 2.08 2 2.21 2.11 2.07 2.05 2.17 2.17 2.24
KEGG_REGULATION_OF_AUTOPHAGY 3.03 2.89 2.82 3 3.05 2.95 2.66 2.89 2.96 2.88 2.78 2.94 2.79 2.9 2.84 2.97 3.04 2.95 2.8 2.72 3.04 2.97 2.83 2.81 2.87 2.9 2.86 2.82 2.94 2.82 2.89 2.76 3.06 2.89 2.83 2.85 2.94 3 3.06
KEGG_ENDOCYTOSIS 2.46 2.37 2.33 2.38 2.4 2.42 2.23 2.31 2.37 2.3 2.25 2.38 2.22 2.3 2.27 2.36 2.39 2.44 2.3 2.24 2.4 2.36 2.29 2.28 2.41 2.34 2.31 2.29 2.29 2.16 2.34 2.27 2.39 2.3 2.27 2.3 2.31 2.35 2.42
KEGG_PEROXISOME 2.12 2.14 2.12 2.18 2.15 2.26 2.05 2.22 2.18 2.23 2.07 2.21 2.24 2.18 2.16 2.18 2.11 2.21 2.08 2.07 2.18 2.12 2.12 2.1 2.2 2.19 2.21 2.13 2.19 2.2 2.13 2.09 2.18 2.19 2.13 2.14 2.18 2.19 2.19
KEGG_MTOR_SIGNALING_PATHWAY 2.37 2.37 2.34 2.34 2.42 2.47 2.25 2.43 2.41 2.39 2.26 2.41 2.42 2.39 2.38 2.34 2.34 2.45 2.29 2.31 2.44 2.36 2.38 2.42 2.37 2.4 2.44 2.32 2.39 2.31 2.33 2.26 2.46 2.41 2.39 2.47 2.43 2.51 2.44
KEGG_APOPTOSIS 2.41 2.29 2.31 2.4 2.4 2.35 2.18 2.23 2.32 2.28 2.13 2.31 2.17 2.28 2.26 2.32 2.38 2.37 2.28 2.23 2.33 2.37 2.31 2.24 2.25 2.3 2.31 2.2 2.26 2.18 2.35 2.22 2.44 2.27 2.31 2.28 2.37 2.32 2.44
KEGG_VASCULAR_SMOOTH_MUSCLE_CONTRACTION 2.73 2.64 2.66 2.67 2.68 2.8 2.49 2.65 2.69 2.7 2.5 2.66 2.68 2.66 2.61 2.67 2.68 2.7 2.63 2.61 2.7 2.68 2.63 2.63 2.67 2.66 2.68 2.58 2.67 2.64 2.62 2.62 2.77 2.7 2.62 2.66 2.72 2.66 2.71
KEGG_WNT_SIGNALING_PATHWAY 2.59 2.48 2.46 2.47 2.57 2.51 2.31 2.4 2.45 2.42 2.32 2.47 2.45 2.46 2.42 2.53 2.54 2.52 2.46 2.38 2.54 2.53 2.46 2.43 2.43 2.47 2.48 2.39 2.48 2.43 2.41 2.43 2.55 2.48 2.45 2.47 2.49 2.56 2.62
KEGG_DORSO_VENTRAL_AXIS_FORMATION 1.96 1.96 1.93 2.1 2.05 2.04 1.75 1.97 1.87 2.05 1.8 2.1 1.88 1.95 1.87 1.98 1.94 2.04 1.88 1.89 2.09 1.97 1.93 1.87 2.11 1.95 2.07 1.84 1.93 1.8 1.92 1.93 2.12 2.02 1.96 2.04 2.08 2.06 1.99
KEGG_NOTCH_SIGNALING_PATHWAY 1.87 1.91 1.92 2.01 1.9 1.95 1.95 2 2 1.97 1.86 2.01 2.03 1.99 1.88 1.94 1.89 1.95 1.89 1.88 2 1.91 1.89 2.04 1.99 1.99 2.05 1.93 1.98 1.96 2.01 1.96 1.98 2.03 1.93 2.02 1.99 2.02 1.88
KEGG_HEDGEHOG_SIGNALING_PATHWAY 2.23 2.18 2.29 2.16 2.21 2.32 2.09 2.23 2.15 2.21 2.04 2.19 2.19 2.15 2.1 2.21 2.21 2.21 2.2 2.12 2.13 2.18 2.24 2.22 2.16 2.19 2.27 2.11 2.23 2.15 2.24 2.15 2.33 2.18 2.14 2.28 2.29 2.18 2.29
KEGG_TGF_BETA_SIGNALING_PATHWAY 2.48 2.4 2.51 2.69 2.55 2.57 2.24 2.48 2.52 2.58 2.35 2.49 2.49 2.49 2.54 2.51 2.5 2.49 2.42 2.49 2.68 2.5 2.39 2.42 2.52 2.54 2.65 2.41 2.48 2.41 2.39 2.44 2.56 2.53 2.52 2.5 2.55 2.61 2.48
KEGG_AXON_GUIDANCE 2.37 2.3 2.36 2.46 2.39 2.4 2.26 2.3 2.37 2.31 2.26 2.33 2.28 2.36 2.31 2.37 2.35 2.37 2.28 2.29 2.47 2.38 2.27 2.33 2.37 2.39 2.41 2.36 2.35 2.27 2.38 2.3 2.41 2.4 2.34 2.38 2.38 2.45 2.34
KEGG_VEGF_SIGNALING_PATHWAY 2.4 2.31 2.27 2.39 2.39 2.32 2.17 2.15 2.25 2.28 2.12 2.27 2.23 2.39 2.25 2.32 2.32 2.37 2.23 2.2 2.37 2.36 2.24 2.23 2.27 2.26 2.3 2.19 2.26 2.3 2.32 2.22 2.41 2.39 2.32 2.29 2.39 2.37 2.42
KEGG_FOCAL_ADHESION 2.38 2.37 2.45 2.58 2.44 2.56 2.31 2.43 2.46 2.43 2.34 2.42 2.39 2.47 2.46 2.43 2.38 2.44 2.37 2.42 2.58 2.41 2.41 2.41 2.49 2.5 2.5 2.39 2.41 2.38 2.45 2.4 2.5 2.52 2.49 2.47 2.51 2.54 2.37
KEGG_ECM_RECEPTOR_INTERACTION 2.44 2.44 2.59 2.67 2.51 2.67 2.24 2.39 2.41 2.51 2.19 2.39 2.32 2.53 2.5 2.5 2.47 2.52 2.46 2.49 2.72 2.46 2.52 2.38 2.43 2.44 2.61 2.25 2.39 2.31 2.47 2.46 2.54 2.56 2.56 2.56 2.57 2.61 2.4
KEGG_CELL_ADHESION_MOLECULES_CAMS 2.56 2.6 2.66 2.77 2.61 2.81 2.52 2.77 2.58 2.62 2.65 2.52 2.34 2.62 2.65 2.64 2.59 2.75 2.55 2.6 2.84 2.64 2.5 2.56 2.89 2.57 2.82 2.72 2.5 2.38 2.62 2.7 2.65 2.67 2.7 2.74 2.61 2.78 2.51
KEGG_ADHERENS_JUNCTION 2.55 2.48 2.52 2.56 2.57 2.58 2.39 2.47 2.53 2.45 2.46 2.52 2.52 2.55 2.51 2.56 2.53 2.49 2.44 2.47 2.59 2.55 2.46 2.45 2.55 2.54 2.55 2.48 2.56 2.51 2.41 2.5 2.58 2.57 2.56 2.52 2.54 2.56 2.53
KEGG_TIGHT_JUNCTION 2.75 2.66 2.7 2.81 2.78 2.84 2.56 2.68 2.74 2.69 2.6 2.68 2.66 2.73 2.68 2.78 2.75 2.74 2.63 2.69 2.85 2.79 2.65 2.63 2.76 2.71 2.74 2.65 2.67 2.61 2.67 2.68 2.8 2.78 2.71 2.69 2.73 2.8 2.78
KEGG_GAP_JUNCTION 3.17 3.05 2.95 2.91 3.15 2.98 2.69 2.79 2.92 2.94 2.73 2.97 2.94 2.96 2.91 3.08 3.13 3.07 2.96 2.86 3.08 3.11 2.93 2.8 2.87 2.89 2.99 2.79 2.93 2.96 2.87 2.9 3.08 2.98 2.96 2.93 2.98 2.96 3.11
KEGG_COMPLEMENT_AND_COAGULATION_CASCADES 2.18 2.37 2.5 2.88 2.25 2.77 2.18 2.56 2.34 2.52 2.53 2.29 1.9 2.56 2.8 2.31 2.29 2.63 2.42 2.5 2.96 2.29 2.48 2.32 2.75 2.42 2.79 2.65 2.3 1.97 2.5 2.5 2.43 2.69 2.94 2.61 2.38 2.78 2.13
KEGG_ANTIGEN_PROCESSING_AND_PRESENTATION 3.11 3.25 3.15 3.4 3.14 3.31 3.13 3.31 3.14 3.2 3.26 3.04 2.96 3.31 3.3 3.21 3.17 3.44 3.09 3.11 3.51 3.17 3.02 3.15 3.47 3.15 3.41 3.35 3.02 3 3.22 3.21 3.27 3.36 3.39 3.28 3.19 3.37 3.1
KEGG_TOLL_LIKE_RECEPTOR_SIGNALING_PATHWAY 2.26 2.23 2.18 2.47 2.3 2.3 2.1 2.17 2.28 2.27 2.11 2.17 2.04 2.23 2.31 2.19 2.22 2.31 2.08 2.11 2.4 2.27 2.14 2.17 2.21 2.26 2.29 2.21 2.14 2.07 2.32 2.13 2.32 2.27 2.31 2.2 2.28 2.38 2.29
KEGG_NOD_LIKE_RECEPTOR_SIGNALING_PATHWAY 2.5 2.44 2.31 2.44 2.43 2.4 2.33 2.35 2.4 2.43 2.18 2.31 2.43 2.55 2.39 2.37 2.41 2.5 2.29 2.24 2.48 2.42 2.29 2.4 2.39 2.38 2.46 2.25 2.32 2.4 2.43 2.24 2.52 2.55 2.34 2.4 2.49 2.49 2.48
KEGG_RIG_I_LIKE_RECEPTOR_SIGNALING_PATHWAY 2.01 2 1.93 2.11 2.09 2.05 1.88 1.99 2.05 2.02 1.86 1.91 1.84 2.04 2.07 1.93 1.96 2.11 1.88 1.88 2.07 2 1.94 1.98 1.95 2.02 2.07 2.01 1.94 1.88 2.02 1.88 2.11 2.01 2.02 2.04 2.12 2.06 2.05
KEGG_CYTOSOLIC_DNA_SENSING_PATHWAY 1.71 1.81 1.78 2.06 1.82 1.94 1.88 1.85 1.91 1.84 1.81 1.78 1.79 1.88 2 1.72 1.69 1.95 1.67 1.8 1.93 1.84 1.77 1.88 1.99 1.82 1.97 1.9 1.77 1.83 1.91 1.84 1.92 1.97 1.95 1.94 1.93 1.97 1.67
KEGG_JAK_STAT_SIGNALING_PATHWAY 1.98 1.99 2.07 2.19 2.07 2.13 1.9 2.05 2.03 2.06 2.03 2 1.96 2.01 2.06 2.02 2.02 2.1 1.99 2.01 2.18 2.06 2.03 2.01 2.05 2.06 2.15 2.11 1.98 1.94 2.07 2 2.1 2.03 2.09 2.09 2.12 2.16 2.07
KEGG_HEMATOPOIETIC_CELL_LINEAGE 1.81 1.97 1.98 2.48 1.96 2.21 1.83 2.23 1.97 2.15 2.07 1.89 1.71 2.05 2.21 1.98 1.92 2.07 1.88 2.02 2.53 2.04 1.87 1.91 2.34 1.99 2.33 2.16 1.92 1.75 2.13 2.04 2.03 2.15 2.33 2.12 2 2.47 1.92
KEGG_NATURAL_KILLER_CELL_MEDIATED_CYTOTOXICITY 2.52 2.52 2.56 2.74 2.52 2.66 2.37 2.54 2.46 2.5 2.57 2.43 2.24 2.5 2.6 2.5 2.5 2.64 2.47 2.52 2.76 2.53 2.47 2.45 2.66 2.51 2.63 2.66 2.42 2.3 2.54 2.55 2.61 2.57 2.66 2.6 2.55 2.69 2.49
KEGG_T_CELL_RECEPTOR_SIGNALING_PATHWAY 2.34 2.27 2.26 2.35 2.35 2.3 2.16 2.2 2.26 2.25 2.14 2.22 2.1 2.24 2.25 2.26 2.28 2.32 2.21 2.19 2.4 2.32 2.22 2.22 2.25 2.29 2.31 2.25 2.21 2.18 2.32 2.18 2.38 2.26 2.31 2.3 2.35 2.37 2.32
KEGG_B_CELL_RECEPTOR_SIGNALING_PATHWAY 2.28 2.18 2.2 2.27 2.27 2.2 2.08 2.09 2.15 2.13 2.02 2.15 1.97 2.16 2.15 2.15 2.19 2.23 2.12 2.14 2.28 2.23 2.12 2.11 2.19 2.18 2.19 2.11 2.12 2.08 2.24 2.12 2.27 2.18 2.21 2.17 2.19 2.24 2.26
KEGG_FC_EPSILON_RI_SIGNALING_PATHWAY 2.34 2.25 2.22 2.35 2.35 2.22 2.06 2.11 2.15 2.17 2.05 2.18 2.08 2.21 2.16 2.26 2.27 2.31 2.17 2.17 2.33 2.29 2.16 2.14 2.18 2.21 2.22 2.13 2.16 2.13 2.22 2.16 2.35 2.26 2.24 2.23 2.25 2.3 2.35
KEGG_FC_GAMMA_R_MEDIATED_PHAGOCYTOSIS 2.54 2.33 2.32 2.35 2.49 2.29 2.21 2.17 2.36 2.23 2.14 2.36 2.28 2.28 2.22 2.39 2.5 2.34 2.31 2.24 2.37 2.43 2.27 2.3 2.27 2.36 2.27 2.18 2.32 2.32 2.33 2.28 2.41 2.25 2.24 2.26 2.33 2.32 2.53
KEGG_LEUKOCYTE_TRANSENDOTHELIAL_MIGRATION 2.69 2.62 2.73 2.79 2.72 2.84 2.59 2.72 2.75 2.68 2.6 2.68 2.67 2.72 2.74 2.73 2.72 2.71 2.64 2.7 2.86 2.73 2.64 2.69 2.75 2.74 2.78 2.72 2.67 2.62 2.68 2.65 2.75 2.76 2.74 2.72 2.73 2.8 2.69
KEGG_INTESTINAL_IMMUNE_NETWORK_FOR_IGA_PRODUCTION 2 2.51 2.24 2.9 2.22 2.57 2.25 2.88 2.2 2.39 2.59 2.05 1.83 2.28 2.42 2.39 2.13 2.74 2.34 2.31 2.9 2.32 2.11 2.28 3.12 2.27 2.82 2.7 2.07 1.91 2.42 2.63 2.32 2.48 2.69 2.61 2.27 2.69 2.13
KEGG_LONG_TERM_POTENTIATION 2.67 2.56 2.56 2.55 2.6 2.61 2.42 2.52 2.54 2.56 2.38 2.51 2.49 2.53 2.49 2.55 2.58 2.59 2.53 2.44 2.56 2.61 2.56 2.51 2.5 2.53 2.56 2.49 2.51 2.49 2.55 2.44 2.65 2.57 2.51 2.52 2.59 2.57 2.64
KEGG_NEUROTROPHIN_SIGNALING_PATHWAY 2.58 2.49 2.49 2.54 2.61 2.56 2.38 2.43 2.54 2.51 2.37 2.5 2.45 2.53 2.48 2.53 2.6 2.54 2.43 2.41 2.6 2.59 2.48 2.47 2.47 2.56 2.54 2.43 2.5 2.43 2.57 2.43 2.64 2.53 2.5 2.51 2.55 2.54 2.57
KEGG_LONG_TERM_DEPRESSION 2.82 2.68 2.66 2.6 2.76 2.68 2.35 2.43 2.6 2.54 2.39 2.57 2.51 2.57 2.52 2.69 2.71 2.68 2.58 2.53 2.66 2.72 2.62 2.5 2.46 2.58 2.58 2.45 2.58 2.52 2.52 2.52 2.78 2.63 2.6 2.58 2.65 2.52 2.73
KEGG_OLFACTORY_TRANSDUCTION 2.5 2.36 2.41 2.29 2.44 2.45 2.26 2.33 2.43 2.34 2.21 2.47 2.27 2.32 2.29 2.42 2.46 2.39 2.36 2.28 2.37 2.46 2.39 2.35 2.3 2.4 2.33 2.27 2.42 2.26 2.37 2.37 2.5 2.36 2.33 2.35 2.45 2.32 2.51
KEGG_REGULATION_OF_ACTIN_CYTOSKELETON 2.68 2.63 2.68 2.81 2.72 2.78 2.54 2.68 2.72 2.68 2.6 2.66 2.6 2.69 2.69 2.69 2.69 2.72 2.6 2.63 2.83 2.69 2.61 2.65 2.76 2.73 2.76 2.67 2.66 2.59 2.7 2.64 2.74 2.74 2.7 2.68 2.7 2.78 2.64
KEGG_INSULIN_SIGNALING_PATHWAY 2.58 2.49 2.46 2.49 2.56 2.5 2.31 2.41 2.46 2.47 2.29 2.47 2.41 2.47 2.41 2.49 2.55 2.54 2.42 2.38 2.53 2.52 2.44 2.42 2.44 2.49 2.46 2.35 2.44 2.36 2.49 2.37 2.6 2.49 2.43 2.43 2.52 2.46 2.59
KEGG_GNRH_SIGNALING_PATHWAY 2.67 2.56 2.51 2.48 2.62 2.52 2.28 2.37 2.48 2.47 2.25 2.51 2.45 2.51 2.41 2.54 2.59 2.58 2.49 2.38 2.53 2.59 2.51 2.4 2.4 2.48 2.46 2.3 2.47 2.4 2.45 2.43 2.66 2.52 2.44 2.47 2.56 2.45 2.65
KEGG_PROGESTERONE_MEDIATED_OOCYTE_MATURATION 2.52 2.45 2.44 2.4 2.51 2.43 2.3 2.36 2.42 2.41 2.19 2.43 2.37 2.45 2.36 2.45 2.45 2.51 2.35 2.32 2.47 2.47 2.38 2.34 2.34 2.38 2.42 2.24 2.35 2.33 2.37 2.3 2.52 2.47 2.34 2.38 2.47 2.43 2.53
KEGG_MELANOGENESIS 2.77 2.67 2.67 2.59 2.74 2.68 2.41 2.52 2.59 2.6 2.38 2.61 2.56 2.62 2.56 2.7 2.72 2.7 2.65 2.52 2.65 2.7 2.68 2.55 2.47 2.59 2.6 2.46 2.63 2.54 2.59 2.59 2.74 2.63 2.58 2.58 2.67 2.63 2.75
KEGG_ADIPOCYTOKINE_SIGNALING_PATHWAY 2.18 2.18 2.21 2.31 2.24 2.28 2.16 2.24 2.33 2.31 2.15 2.24 2.24 2.26 2.24 2.15 2.2 2.24 2.07 2.21 2.3 2.23 2.17 2.23 2.23 2.3 2.35 2.2 2.21 2.2 2.32 2.2 2.36 2.27 2.29 2.36 2.33 2.32 2.16
KEGG_TYPE_II_DIABETES_MELLITUS 2.66 2.54 2.48 2.35 2.6 2.49 2.22 2.27 2.47 2.36 2.18 2.45 2.18 2.43 2.33 2.49 2.51 2.55 2.38 2.32 2.46 2.55 2.37 2.34 2.29 2.43 2.35 2.2 2.38 2.24 2.43 2.35 2.62 2.41 2.38 2.41 2.5 2.42 2.67
KEGG_TYPE_I_DIABETES_MELLITUS 3.05 3.22 3.16 3.42 3.06 3.38 2.96 3.32 3.11 3.07 3.27 2.93 2.66 3.14 3.18 3.12 3.11 3.4 3.13 3.12 3.49 3.09 2.98 3.01 3.56 3.12 3.39 3.38 2.91 2.76 3.1 3.29 3.21 3.2 3.3 3.3 3.11 3.32 2.96
KEGG_MATURITY_ONSET_DIABETES_OF_THE_YOUNG 1.15 1.38 1.31 1.53 1.36 1.52 1.53 1.47 1.36 1.5 1.33 1.36 1.64 1.65 1.53 1.46 1.31 1.41 1.29 1.46 1.41 1.48 1.35 1.43 1.35 1.34 1.43 1.28 1.35 1.56 1.32 1.53 1.34 1.56 1.47 1.58 1.46 1.41 1.3
KEGG_ALDOSTERONE_REGULATED_SODIUM_REABSORPTION 2.89 2.71 2.74 2.75 2.88 2.84 2.57 2.68 2.78 2.76 2.54 2.8 2.63 2.75 2.71 2.77 2.87 2.77 2.66 2.61 2.83 2.8 2.79 2.75 2.63 2.77 2.79 2.55 2.73 2.54 2.81 2.64 2.92 2.72 2.76 2.8 2.85 2.75 2.86
KEGG_VASOPRESSIN_REGULATED_WATER_REABSORPTION 2.85 2.76 2.62 2.63 2.75 2.57 2.43 2.54 2.66 2.52 2.46 2.61 2.42 2.53 2.56 2.68 2.74 2.76 2.63 2.41 2.69 2.72 2.58 2.5 2.57 2.58 2.52 2.52 2.55 2.43 2.52 2.44 2.76 2.52 2.53 2.42 2.59 2.56 2.8
KEGG_ALZHEIMERS_DISEASE 3.04 2.96 2.79 2.85 2.94 2.9 2.81 2.9 3.04 2.94 2.74 2.97 2.97 2.89 2.82 2.91 2.93 2.97 2.87 2.7 2.78 2.88 2.9 2.85 2.9 2.94 2.8 2.76 2.93 2.9 2.94 2.68 2.91 2.84 2.72 2.73 2.9 2.86 3.02
KEGG_PARKINSONS_DISEASE 2.32 2.26 2.08 2.15 2.24 2.11 2.27 2.23 2.55 2.23 2.13 2.49 2.43 2.23 2.13 2.19 2.24 2.27 2.21 2.03 2.12 2.17 2.21 2.21 2.2 2.26 2.07 2.1 2.25 2.37 2.22 2.04 2.22 2.17 2.1 2.09 2.22 2.21 2.3
KEGG_AMYOTROPHIC_LATERAL_SCLEROSIS_ALS 2.98 2.88 2.74 2.74 2.87 2.74 2.45 2.62 2.84 2.7 2.52 2.84 2.43 2.7 2.59 2.79 2.88 2.9 2.84 2.52 2.77 2.85 2.77 2.61 2.59 2.8 2.6 2.61 2.76 2.48 2.71 2.56 2.94 2.52 2.61 2.58 2.8 2.78 3.1
KEGG_HUNTINGTONS_DISEASE 2.84 2.82 2.62 2.71 2.76 2.7 2.56 2.63 2.85 2.76 2.48 2.76 2.71 2.7 2.63 2.72 2.73 2.82 2.67 2.53 2.61 2.68 2.69 2.59 2.73 2.68 2.58 2.53 2.68 2.66 2.7 2.49 2.7 2.68 2.55 2.49 2.66 2.64 2.84
KEGG_PRION_DISEASES 2.98 3.03 2.83 2.93 2.84 3 2.93 2.94 2.88 2.97 2.81 2.83 2.89 3.12 3.04 2.87 2.95 3.16 2.76 2.68 3.06 2.81 2.77 2.94 2.99 2.9 3.08 2.94 2.81 2.94 2.99 2.69 3.12 3.09 3.13 2.94 3 2.98 3.06
KEGG_VIBRIO_CHOLERAE_INFECTION 3.27 3.12 2.97 2.93 3.19 3.06 2.76 2.89 3.06 2.94 2.84 3.03 2.87 3 2.95 3.1 3.2 3.13 3.03 2.81 3.1 3.18 3.03 2.87 2.9 3.01 2.92 2.94 3.01 2.88 2.89 2.88 3.16 2.98 2.94 2.87 3.01 2.99 3.32
KEGG_EPITHELIAL_CELL_SIGNALING_IN_HELICOBACTER_PYLORI_INFECTION 2.88 2.72 2.5 2.46 2.79 2.61 2.36 2.39 2.65 2.53 2.36 2.62 2.44 2.54 2.46 2.65 2.77 2.69 2.55 2.35 2.64 2.77 2.57 2.44 2.48 2.62 2.49 2.45 2.61 2.41 2.48 2.43 2.79 2.5 2.42 2.48 2.65 2.54 2.85
KEGG_LEISHMANIA_INFECTION 2.24 2.5 2.4 2.79 2.39 2.51 2.36 2.63 2.4 2.46 2.54 2.28 2.17 2.37 2.51 2.41 2.31 2.64 2.39 2.39 2.75 2.39 2.27 2.36 2.73 2.41 2.68 2.63 2.26 2.2 2.49 2.5 2.42 2.46 2.64 2.55 2.39 2.67 2.29
KEGG_PATHWAYS_IN_CANCER 2.36 2.33 2.38 2.47 2.42 2.45 2.25 2.34 2.36 2.36 2.22 2.34 2.33 2.38 2.34 2.37 2.34 2.39 2.31 2.33 2.46 2.38 2.34 2.36 2.35 2.38 2.42 2.31 2.34 2.3 2.38 2.31 2.43 2.4 2.36 2.41 2.42 2.45 2.36
KEGG_COLORECTAL_CANCER 2.32 2.23 2.23 2.26 2.31 2.24 2.07 2.18 2.19 2.12 2.02 2.22 2.16 2.17 2.14 2.21 2.22 2.22 2.18 2.17 2.22 2.24 2.2 2.14 2.11 2.22 2.17 2.07 2.2 2.12 2.17 2.08 2.27 2.15 2.18 2.17 2.21 2.24 2.32
KEGG_RENAL_CELL_CARCINOMA 2.2 2.17 2.24 2.29 2.24 2.21 2.05 2.14 2.2 2.18 2.06 2.19 2.15 2.16 2.15 2.21 2.19 2.19 2.15 2.2 2.28 2.23 2.22 2.14 2.17 2.24 2.2 2.14 2.14 2.1 2.18 2.16 2.27 2.17 2.22 2.22 2.23 2.26 2.19
KEGG_PANCREATIC_CANCER 2.11 2.09 2.07 2.21 2.14 2.11 1.95 2.01 2.09 2.02 1.98 2.12 2.01 2.1 2.05 2.08 2.07 2.13 2.01 2.05 2.12 2.1 2.04 2 2.07 2.06 2.08 2.01 2.03 1.99 2.07 2.02 2.14 2.11 2.09 2.07 2.11 2.12 2.15
KEGG_ENDOMETRIAL_CANCER 2.05 1.98 1.96 1.97 2.1 2.03 1.87 1.94 1.97 1.95 1.79 2.02 1.95 1.98 1.89 1.99 1.97 2 1.9 1.92 1.99 2.01 1.93 1.92 1.96 2.01 1.93 1.85 1.95 1.87 1.98 1.93 2.06 1.99 1.94 1.94 2 1.98 2.05
KEGG_GLIOMA 2.38 2.3 2.33 2.37 2.39 2.38 2.1 2.23 2.27 2.35 2.14 2.36 2.22 2.3 2.26 2.36 2.35 2.34 2.28 2.25 2.33 2.38 2.33 2.22 2.28 2.29 2.31 2.19 2.27 2.19 2.34 2.26 2.41 2.34 2.3 2.28 2.35 2.35 2.42
KEGG_PROSTATE_CANCER 2.23 2.23 2.16 2.21 2.27 2.26 2.17 2.19 2.2 2.23 2.07 2.21 2.25 2.31 2.21 2.18 2.16 2.26 2.11 2.13 2.2 2.25 2.15 2.25 2.27 2.22 2.27 2.14 2.18 2.22 2.3 2.12 2.29 2.34 2.22 2.24 2.27 2.28 2.21
KEGG_THYROID_CANCER 2.42 2.34 2.28 2.26 2.41 2.28 2.05 2.16 2.21 2.2 2.03 2.16 2.2 2.17 2.17 2.23 2.28 2.34 2.22 2.11 2.23 2.3 2.27 2.15 2.17 2.23 2.21 2.17 2.2 2.11 2.21 2.19 2.4 2.2 2.22 2.19 2.21 2.24 2.23
KEGG_BASAL_CELL_CARCINOMA 1.9 1.87 2.01 1.96 2.02 2.03 1.84 1.95 1.82 1.9 1.68 1.86 1.96 1.96 1.86 1.94 1.89 1.9 1.96 2.01 1.91 1.89 2 1.94 1.78 1.91 1.96 1.8 1.97 1.92 1.96 1.99 1.95 1.98 1.94 2 2.01 1.99 1.88
KEGG_MELANOMA 2.3 2.2 2.26 2.34 2.35 2.32 2.01 2.11 2.12 2.25 2 2.12 2.06 2.21 2.18 2.28 2.24 2.28 2.19 2.17 2.32 2.3 2.2 2.14 2.19 2.18 2.31 2.13 2.12 2.13 2.23 2.17 2.38 2.28 2.25 2.27 2.32 2.32 2.3
KEGG_BLADDER_CANCER 2.12 1.99 1.98 2.09 2.16 2.12 1.71 1.84 1.98 2.05 1.74 1.98 1.91 2.06 1.94 2.06 2.05 2.08 1.93 1.88 2.09 2.1 2 1.9 2 1.96 2.03 1.85 1.94 1.94 1.96 2.03 2.22 2.08 2.04 2.01 2.11 2.03 2.01
KEGG_CHRONIC_MYELOID_LEUKEMIA 2.16 2.09 2.1 2.2 2.18 2.15 2.03 2.06 2.17 2.14 1.97 2.12 2.08 2.11 2.07 2.1 2.13 2.13 2.03 2.07 2.13 2.16 2.07 2.16 2.15 2.2 2.17 2.07 2.1 2.02 2.18 2.06 2.22 2.18 2.13 2.14 2.14 2.14 2.15
KEGG_ACUTE_MYELOID_LEUKEMIA 1.92 1.84 1.88 1.85 2 1.94 1.83 1.86 1.86 1.88 1.75 1.87 1.79 1.89 1.82 1.87 1.85 1.89 1.79 1.86 1.93 1.89 1.86 1.84 1.87 1.9 1.89 1.82 1.88 1.85 1.9 1.83 1.91 1.91 1.86 1.88 1.89 1.94 1.87
KEGG_SMALL_CELL_LUNG_CANCER 2.08 2.08 2.23 2.41 2.19 2.3 2.13 2.23 2.22 2.25 2.06 2.16 2.14 2.2 2.19 2.14 2.1 2.18 2.16 2.22 2.33 2.14 2.18 2.23 2.22 2.22 2.28 2.15 2.15 2.08 2.31 2.11 2.24 2.2 2.22 2.27 2.3 2.37 2.13
KEGG_NON_SMALL_CELL_LUNG_CANCER 2.09 2.07 2.05 2.09 2.13 2.07 1.9 1.97 2.03 2.09 1.91 2.08 1.99 2.02 1.97 2.07 2.05 2.1 2 2 2.09 2.1 2.02 2 2.04 2.05 2.05 1.97 1.99 1.96 2.04 2.01 2.17 2.06 2.07 2.04 2.11 2.07 2.13
KEGG_ASTHMA 2.36 2.95 2.66 3.45 2.59 2.95 2.63 3.36 2.55 2.81 3.12 2.42 1.98 2.67 2.94 2.84 2.49 3.23 2.77 2.76 3.44 2.74 2.49 2.59 3.64 2.65 3.36 3.21 2.44 2.15 2.81 3.07 2.74 2.88 3.21 3.03 2.62 3.23 2.52
KEGG_AUTOIMMUNE_THYROID_DISEASE 2.73 3.1 3.02 3.42 2.88 3.28 2.89 3.35 2.85 2.99 3.31 2.77 2.28 2.94 3.14 2.98 2.88 3.33 2.97 3.04 3.49 2.98 2.78 2.89 3.61 2.95 3.35 3.39 2.74 2.47 2.97 3.29 3 3.08 3.29 3.21 2.91 3.27 2.74
KEGG_ALLOGRAFT_REJECTION 2.9 3.25 3.19 3.56 3.04 3.44 3.02 3.46 3.01 3.1 3.46 2.92 2.4 3.1 3.27 3.12 3.05 3.48 3.12 3.18 3.65 3.13 2.92 3.01 3.74 3.09 3.48 3.57 2.88 2.62 3.09 3.42 3.15 3.22 3.42 3.38 3.06 3.4 2.87
KEGG_GRAFT_VERSUS_HOST_DISEASE 2.79 3.13 3.05 3.37 2.87 3.31 2.9 3.32 2.9 2.95 3.33 2.8 2.3 2.96 3.12 3.01 2.93 3.35 2.97 3.05 3.45 2.97 2.81 2.89 3.63 2.97 3.33 3.42 2.76 2.49 2.96 3.28 3.04 3.08 3.27 3.23 2.93 3.23 2.76
KEGG_VIRAL_MYOCARDITIS 2.98 3.06 3.03 3.24 3.03 3.2 2.84 3.11 2.99 2.96 3.08 2.93 2.69 3.02 3.06 3.04 3.03 3.21 2.97 3.02 3.33 3.08 2.89 2.89 3.26 2.99 3.17 3.15 2.9 2.81 2.92 3.12 3.09 3.07 3.16 3.11 3 3.13 2.96
