PID_HDAC_CLASSII_PATHWAY 3.08 2.95 2.83 2.91 3.04 2.84 2.68 2.7 2.84 2.82 2.62 2.85 2.78 2.92 2.84 2.93 3.03 3 2.87 2.75 3.06 2.97 2.85 2.69 2.66 2.81 2.86 2.63 2.78 2.77 2.84 2.72 3.01 2.95 2.9 2.84 2.92 2.86 3.05
PID_DNA_PK_PATHWAY 2.16 2.24 2.14 2.16 2.25 2.3 2.13 2.17 2.3 2.09 2.09 2.2 2.3 2.16 2.17 2.27 2.2 2.29 2.05 2.04 2.29 2.29 2.09 2.21 2.3 2.16 2.24 2.17 2.23 2.25 2.1 2.13 2.24 2.29 2.13 2.08 2.07 2.29 2.26
PID_INTEGRIN_CS_PATHWAY 2.03 2.21 2.35 2.54 2.19 2.46 2.07 2.37 2.24 2.46 2.2 2.21 2.23 2.33 2.36 2.24 2.11 2.31 2.17 2.22 2.54 2.15 2.2 2.23 2.47 2.24 2.48 2.27 2.21 2.15 2.4 2.25 2.29 2.47 2.39 2.39 2.28 2.52 1.98
PID_ARF6_TRAFFICKING_PATHWAY 2.67 2.6 2.59 2.75 2.68 2.7 2.48 2.59 2.72 2.67 2.37 2.67 2.53 2.63 2.55 2.61 2.65 2.66 2.57 2.48 2.72 2.62 2.58 2.59 2.61 2.65 2.69 2.44 2.64 2.46 2.7 2.54 2.65 2.67 2.53 2.55 2.66 2.71 2.69
PID_ILK_PATHWAY 2.18 2.21 2.24 2.26 2.2 2.19 2.2 2.21 2.24 2.16 2.19 2.18 2.3 2.25 2.19 2.2 2.18 2.24 2.19 2.21 2.2 2.15 2.2 2.24 2.26 2.26 2.21 2.17 2.21 2.19 2.31 2.14 2.17 2.25 2.2 2.23 2.24 2.23 2.21
PID_CIRCADIAN_PATHWAY 1.59 1.56 1.52 1.76 1.9 1.74 1.53 1.37 1.57 1.55 1.53 1.52 1.27 1.78 1.73 1.66 1.64 1.67 1.53 1.59 1.89 1.86 1.65 1.49 1.52 1.55 1.63 1.48 1.48 1.52 1.55 1.72 1.7 1.77 1.77 1.9 1.71 1.63 1.65
PID_HDAC_CLASSI_PATHWAY 2.03 2.04 2.03 2.15 2.08 2.11 2 2.11 2.12 2.11 1.96 2.07 2.12 2.1 2.1 2.02 2.03 2.07 1.97 2.02 2.13 2.08 1.97 2.08 2.06 2.08 2.12 2.03 2.04 2.07 2.06 1.99 2.12 2.1 2.1 2.08 2.09 2.13 2.05
PID_CONE_PATHWAY 1.38 1.5 1.42 1.16 1.3 1.42 1.27 1.15 1.26 1.16 1.16 1.42 1.15 1.2 1.18 1.29 1.28 1.4 1.34 1.27 1.08 1.29 1.39 1.18 1.21 1.25 1.15 1.17 1.23 1.19 1.21 1.22 1.32 1.21 1.16 1.16 1.25 1.15 1.49
PID_ERB_GENOMIC_PATHWAY 2.47 2.55 2.51 2.7 2.5 2.53 2.31 2.53 2.58 2.49 2.47 2.45 2.18 2.52 2.62 2.51 2.49 2.67 2.5 2.37 2.74 2.52 2.47 2.43 2.64 2.66 2.61 2.58 2.47 2.28 2.49 2.48 2.63 2.48 2.72 2.52 2.47 2.72 2.57
PID_MYC_PATHWAY 1.87 1.83 1.71 1.82 1.9 1.82 1.72 1.72 1.87 1.84 1.74 1.78 1.83 1.92 1.79 1.84 1.84 1.82 1.68 1.71 1.84 1.88 1.73 1.84 1.89 1.88 1.89 1.73 1.8 1.82 1.95 1.74 1.94 1.96 1.84 1.88 1.9 1.83 1.94
PID_RANBP2_PATHWAY 2.07 1.87 1.9 2.06 2.01 2.01 1.72 2.09 1.94 1.93 1.72 2.04 2.1 2.05 2.06 1.89 1.93 2.05 1.96 1.94 2.11 1.95 1.87 1.89 2 1.96 2.06 1.71 1.86 1.98 1.79 1.78 1.96 2.09 1.87 1.95 2 2.12 2
PID_AR_TF_PATHWAY 2.23 2.2 2.14 2.23 2.2 2.19 2.11 2.2 2.2 2.22 2.02 2.1 2.35 2.24 2.14 2.14 2.2 2.25 2.16 2.08 2.25 2.18 2.17 2.24 2.2 2.21 2.24 2.11 2.14 2.22 2.23 2.06 2.25 2.24 2.15 2.21 2.26 2.28 2.26
PID_RXR_VDR_PATHWAY 1.96 2.04 2.14 2.26 2.04 2.32 2.07 2.18 2.16 2.21 1.94 2.17 2.32 2.15 2.03 2.05 1.96 2.06 2.07 2.07 2.14 2.07 2.09 2.25 2.21 2.2 2.3 2.06 2.17 2.17 2.2 2.28 2.19 2.19 2.21 2.26 2.2 2.1 2
PID_INTEGRIN2_PATHWAY 2.18 2.41 2.39 2.62 2.3 2.66 2.28 2.45 2.33 2.35 2.5 2.29 1.9 2.41 2.56 2.32 2.23 2.54 2.34 2.34 2.62 2.38 2.25 2.25 2.62 2.36 2.59 2.62 2.24 1.98 2.45 2.45 2.37 2.55 2.56 2.48 2.24 2.52 2.16
PID_CMYB_PATHWAY 2.47 2.43 2.42 2.63 2.55 2.54 2.44 2.56 2.53 2.58 2.37 2.46 2.49 2.55 2.5 2.48 2.45 2.55 2.39 2.42 2.59 2.53 2.44 2.55 2.64 2.52 2.7 2.51 2.51 2.52 2.65 2.49 2.57 2.58 2.56 2.59 2.62 2.74 2.49
PID_ERA_GENOMIC_PATHWAY 2.31 2.36 2.3 2.51 2.39 2.43 2.27 2.32 2.39 2.39 2.32 2.36 2.22 2.45 2.38 2.33 2.32 2.4 2.28 2.29 2.5 2.41 2.32 2.33 2.42 2.38 2.44 2.37 2.32 2.27 2.39 2.34 2.46 2.44 2.43 2.42 2.38 2.47 2.28
PID_RHODOPSIN_PATHWAY 2.18 2.22 2.1 2.04 2.12 2.09 1.98 1.89 2.04 1.91 1.85 2.12 1.82 2 1.93 2.09 2.04 2.12 2.06 2 1.93 2.02 2.07 1.93 1.88 2.1 1.95 1.89 2.03 1.91 2 1.93 2.16 1.97 1.96 1.95 2.08 2 2.24
PID_RETINOIC_ACID_PATHWAY 1.9 1.85 1.93 1.92 1.95 2.01 1.66 1.82 1.84 1.86 1.65 1.83 1.87 1.88 1.78 1.97 1.9 1.88 1.89 1.82 1.99 1.95 1.9 1.93 1.86 1.91 1.97 1.8 1.84 1.86 1.86 1.95 2.02 1.89 1.96 2.01 1.97 1.93 1.91
PID_INTEGRIN5_PATHWAY 2.25 2.22 2.7 2.76 2.43 2.75 2.32 2.57 2.44 2.46 2.13 2.37 2.43 2.52 2.52 2.42 2.46 2.43 2.59 2.68 2.66 2.43 2.53 2.37 2.59 2.51 2.51 2.18 2.36 2.29 2.5 2.54 2.3 2.62 2.46 2.68 2.49 2.66 2.15
PID_HNF3A_PATHWAY 2.32 2.39 2.37 2.72 2.42 2.64 2.35 2.52 2.39 2.55 2.37 2.37 2.45 2.56 2.51 2.34 2.33 2.48 2.37 2.36 2.73 2.47 2.42 2.51 2.48 2.43 2.67 2.46 2.41 2.4 2.54 2.38 2.51 2.57 2.61 2.56 2.56 2.74 2.38
PID_FANCONI_PATHWAY 1.56 1.6 1.54 1.76 1.6 1.69 1.39 1.64 1.59 1.63 1.46 1.47 1.53 1.5 1.58 1.64 1.61 1.65 1.52 1.45 1.7 1.54 1.62 1.54 1.54 1.55 1.64 1.56 1.56 1.48 1.57 1.43 1.67 1.53 1.51 1.54 1.64 1.75 1.71
PID_SMAD2_3NUCLEAR_PATHWAY 2.14 2.13 2.17 2.31 2.22 2.31 2.07 2.22 2.2 2.22 2.05 2.14 2.26 2.21 2.15 2.17 2.15 2.19 2.1 2.13 2.28 2.21 2.17 2.21 2.2 2.21 2.3 2.18 2.21 2.2 2.24 2.08 2.28 2.25 2.14 2.22 2.25 2.33 2.2
PID_FCER1_PATHWAY 2.15 2.06 2.14 2.22 2.21 2.16 2.04 2.05 2.15 2.06 2.06 2.13 2.05 2.06 2.09 2.11 2.14 2.13 2.03 2.09 2.24 2.17 2.04 2.13 2.13 2.15 2.07 2.07 2.08 2.04 2.14 2.1 2.21 2.11 2.15 2.13 2.13 2.2 2.13
PID_ENDOTHELIN_PATHWAY 2.41 2.33 2.35 2.23 2.37 2.33 2.1 2.15 2.26 2.25 2.06 2.24 2.25 2.3 2.25 2.34 2.36 2.34 2.27 2.24 2.3 2.39 2.3 2.18 2.16 2.23 2.26 2.09 2.25 2.25 2.15 2.2 2.42 2.32 2.24 2.24 2.35 2.24 2.36
PID_BCR_5PATHWAY 2 1.91 1.92 2.01 1.98 1.92 1.78 1.81 1.87 1.82 1.7 1.86 1.72 1.86 1.81 1.87 1.91 1.9 1.86 1.84 2.01 1.92 1.87 1.84 1.84 1.89 1.87 1.8 1.84 1.83 1.92 1.84 1.97 1.87 1.85 1.82 1.93 1.92 2.04
PID_PRL_SIGNALING_EVENTS_PATHWAY 2.9 2.8 2.75 2.86 2.89 2.82 2.63 2.73 2.85 2.82 2.72 2.82 2.79 2.9 2.87 2.95 2.96 2.84 2.72 2.73 3 2.94 2.72 2.75 2.83 2.89 2.9 2.77 2.95 2.85 2.72 2.81 2.93 2.92 2.85 2.85 2.91 2.91 2.94
PID_RHOA_PATHWAY 2.27 2.21 2.21 2.23 2.22 2.21 2.13 2.21 2.27 2.1 2.2 2.21 2.12 2.19 2.13 2.25 2.27 2.25 2.18 2.16 2.33 2.23 2.12 2.19 2.18 2.24 2.23 2.21 2.2 2.08 2.15 2.11 2.26 2.15 2.17 2.17 2.25 2.28 2.29
PID_ERBB4_PATHWAY 2.11 2.03 2.15 2.25 2.2 2.08 1.89 2.01 1.99 2.1 1.75 2.04 1.91 2.07 2.06 2.09 2.12 2.13 2.05 2.08 2.25 2.12 2.06 1.99 2.04 2.06 2.16 1.89 2.03 1.98 2.09 2.04 2.23 2.11 2.12 2.13 2.2 2.19 2.16
PID_AURORA_B_PATHWAY 2.98 2.94 3.01 3.1 3.04 3.2 2.84 3.05 3.07 3.02 2.89 2.98 2.96 3.05 3 3.03 3.03 3.02 2.94 2.98 3.14 3.01 2.94 2.98 3.02 3.07 3.12 2.98 3.01 2.91 3.03 3.03 3.09 3.13 3.03 3.08 3.11 3.17 3
PID_LYSOPHOSPHOLIPID_PATHWAY 2.49 2.42 2.45 2.37 2.47 2.48 2.41 2.4 2.51 2.36 2.37 2.47 2.43 2.43 2.39 2.42 2.49 2.43 2.34 2.41 2.38 2.46 2.39 2.47 2.42 2.51 2.39 2.41 2.46 2.45 2.38 2.4 2.52 2.43 2.37 2.43 2.49 2.41 2.45
PID_INSULIN_PATHWAY 2.25 2.28 2.29 2.34 2.22 2.39 2.2 2.33 2.24 2.24 2.18 2.21 2.19 2.26 2.15 2.24 2.22 2.3 2.19 2.27 2.27 2.21 2.22 2.26 2.39 2.31 2.3 2.27 2.25 2.18 2.39 2.22 2.3 2.3 2.25 2.23 2.26 2.3 2.2
PID_NOTCH_PATHWAY 2.33 2.26 2.22 2.33 2.27 2.28 2.19 2.23 2.34 2.28 2.23 2.41 2.3 2.32 2.23 2.27 2.3 2.34 2.18 2.18 2.37 2.27 2.23 2.27 2.34 2.29 2.32 2.26 2.32 2.23 2.29 2.25 2.33 2.34 2.28 2.3 2.31 2.36 2.42
PID_INTEGRIN1_PATHWAY 2.12 2.09 2.32 2.67 2.25 2.52 2.13 2.34 2.28 2.38 2.24 2.18 2.17 2.38 2.47 2.23 2.22 2.27 2.2 2.34 2.63 2.22 2.24 2.26 2.42 2.32 2.47 2.31 2.2 2.12 2.42 2.28 2.23 2.48 2.5 2.41 2.31 2.53 2.04
PID_P73PATHWAY 2.61 2.53 2.52 2.63 2.6 2.65 2.49 2.48 2.63 2.5 2.45 2.56 2.43 2.55 2.53 2.55 2.56 2.6 2.48 2.49 2.68 2.59 2.48 2.49 2.54 2.56 2.56 2.46 2.52 2.42 2.56 2.5 2.59 2.57 2.53 2.52 2.58 2.64 2.61
PID_P38_MKK3_6PATHWAY 2.3 2.27 2.3 2.61 2.3 2.34 2.09 2.23 2.11 2.34 2 2.15 2.12 2.21 2.32 2.21 2.21 2.32 2.19 2.16 2.45 2.34 2.25 2.2 2.28 2.13 2.28 2.12 2.15 2.12 2.25 2.06 2.2 2.22 2.25 2.25 2.21 2.58 2.27
PID_GMCSF_PATHWAY 2.62 2.45 2.54 2.34 2.5 2.38 2.27 2.25 2.39 2.28 2.32 2.4 2.29 2.34 2.32 2.44 2.59 2.45 2.38 2.42 2.37 2.49 2.45 2.28 2.27 2.44 2.27 2.31 2.4 2.33 2.34 2.36 2.57 2.35 2.34 2.31 2.45 2.26 2.54
PID_WNT_NONCANONICAL_PATHWAY 2.53 2.49 2.46 2.29 2.53 2.46 2.25 2.38 2.45 2.33 2.37 2.41 2.35 2.46 2.4 2.53 2.47 2.55 2.4 2.33 2.4 2.47 2.42 2.39 2.37 2.47 2.39 2.38 2.43 2.32 2.36 2.37 2.42 2.4 2.35 2.41 2.48 2.52 2.54
PID_NFKAPPAB_ATYPICAL_PATHWAY 1.88 1.89 1.93 1.95 2.08 2.08 2.2 1.98 2.03 2.01 1.98 1.92 1.83 2.06 2.02 1.97 1.9 1.95 1.83 2.01 1.94 2.01 1.91 2.16 2.04 2.06 1.98 2.05 1.95 2 2.16 2.16 2.04 2.14 2.1 2.06 2.12 2.04 1.9
PID_IL4_2PATHWAY 2.11 2.17 2.24 2.41 2.17 2.38 2.07 2.17 2.18 2.26 2.02 2.1 1.99 2.26 2.25 2.1 2.07 2.27 2.06 2.11 2.37 2.18 2.17 2.19 2.29 2.18 2.39 2.19 2.08 2.07 2.35 2.09 2.29 2.31 2.33 2.29 2.32 2.36 2.15
PID_BETA_CATENIN_DEG_PATHWAY 2.34 2.18 2.17 1.95 2.23 2.12 1.85 2.07 2.17 2.1 1.99 2.07 2.2 2.12 2.09 2.13 2.3 2.17 2.13 2.03 2.14 2.17 2.13 2.04 1.92 2.18 2.07 1.94 2.17 2 2.08 1.9 2.09 2.05 2.06 2.1 2.15 2.02 2.35
PID_HDAC_CLASSIII_PATHWAY 2.97 2.87 2.78 2.79 2.96 2.71 2.6 2.49 2.74 2.76 2.61 2.82 2.71 2.69 2.67 2.89 2.85 2.92 2.82 2.68 2.75 2.88 2.75 2.59 2.51 2.7 2.7 2.62 2.71 2.74 2.69 2.7 2.83 2.69 2.73 2.66 2.7 2.77 2.96
PID_GLYPICAN_1PATHWAY 2.57 2.45 2.65 2.69 2.57 2.77 2.52 2.61 2.56 2.54 2.42 2.52 2.6 2.58 2.51 2.55 2.63 2.49 2.53 2.52 2.64 2.57 2.61 2.64 2.52 2.64 2.7 2.55 2.59 2.54 2.6 2.49 2.65 2.6 2.6 2.63 2.69 2.69 2.67
PID_TCR_PATHWAY 2.27 2.29 2.27 2.48 2.3 2.42 2.14 2.31 2.24 2.26 2.2 2.2 2.14 2.26 2.27 2.33 2.29 2.36 2.23 2.27 2.5 2.29 2.24 2.23 2.37 2.31 2.38 2.33 2.24 2.17 2.33 2.25 2.34 2.33 2.37 2.38 2.34 2.44 2.27
PID_IL27_PATHWAY 2.23 2.32 2.32 2.6 2.35 2.41 2.1 2.39 2.31 2.32 2.34 2.24 2.3 2.38 2.41 2.28 2.3 2.46 2.19 2.26 2.63 2.36 2.25 2.22 2.37 2.32 2.45 2.44 2.23 2.26 2.27 2.33 2.41 2.37 2.43 2.44 2.4 2.5 2.27
PID_NFKAPPAB_CANONICAL_PATHWAY 2.32 2.27 2.17 2.18 2.33 2.26 2.28 2.24 2.35 2.37 1.98 2.24 2.48 2.43 2.3 2.22 2.24 2.3 2.14 2.19 2.3 2.27 2.15 2.32 2.36 2.33 2.4 2.09 2.31 2.33 2.38 2.12 2.37 2.44 2.29 2.32 2.44 2.35 2.28
PID_E2F_PATHWAY 1.99 1.97 2.03 2.23 2.11 2.2 2.02 2.09 2.17 2.09 1.99 2.05 2.1 2.1 2.04 2.05 2.06 2.08 1.95 1.99 2.15 2.09 2.02 2.12 2.16 2.12 2.18 2.06 2.08 2.08 2.15 2.02 2.15 2.16 2.05 2.15 2.19 2.21 2.08
PID_ER_NONGENOMIC_PATHWAY 2.32 2.26 2.24 2.26 2.28 2.34 2.13 2.19 2.22 2.16 2.12 2.21 2.12 2.21 2.2 2.31 2.29 2.25 2.18 2.17 2.29 2.26 2.22 2.18 2.13 2.25 2.16 2.17 2.17 2.15 2.11 2.14 2.3 2.21 2.22 2.18 2.26 2.25 2.29
PID_HIF2PATHWAY 2.14 2.06 2.26 2.45 2.24 2.24 1.97 2.08 2.08 2.2 2 2.13 2.08 2.25 2.21 2.13 2.12 2.13 2.09 2.23 2.39 2.19 2.16 2.11 2.18 2.13 2.25 2.12 2.02 1.99 2.18 2.12 2.17 2.23 2.28 2.32 2.21 2.29 2.17
PID_CD40_PATHWAY 2.2 2.18 2.08 2.19 2.22 2.22 2.12 2.04 2.17 2.18 1.96 2.04 2.01 2.11 2.11 2.06 2.09 2.22 2.02 1.96 2.17 2.16 2.07 2.17 2.08 2.19 2.18 1.97 2.05 2.02 2.19 1.97 2.2 2.12 2.09 2.13 2.21 2.11 2.19
PID_ATR_PATHWAY 2.58 2.44 2.41 2.37 2.58 2.49 2.19 2.31 2.4 2.35 2.22 2.35 2.22 2.34 2.35 2.51 2.56 2.51 2.43 2.33 2.54 2.51 2.46 2.3 2.32 2.4 2.42 2.35 2.37 2.29 2.32 2.27 2.61 2.33 2.34 2.37 2.48 2.48 2.68
PID_MET_PATHWAY 2.34 2.28 2.27 2.38 2.34 2.32 2.11 2.27 2.31 2.23 2.15 2.25 2.22 2.23 2.22 2.33 2.32 2.31 2.21 2.22 2.38 2.32 2.24 2.19 2.27 2.34 2.28 2.23 2.29 2.15 2.26 2.17 2.35 2.25 2.23 2.23 2.28 2.36 2.34
PID_PTP1B_PATHWAY 2.08 2.09 2.21 2.38 2.21 2.35 2.1 2.22 2.19 2.26 2.18 2.14 2.18 2.27 2.24 2.17 2.18 2.15 2.06 2.16 2.41 2.18 2.14 2.17 2.3 2.24 2.35 2.27 2.18 2.21 2.17 2.2 2.29 2.32 2.3 2.29 2.33 2.33 2.1
PID_INTEGRIN3_PATHWAY 2.35 2.35 2.47 2.65 2.41 2.64 2.3 2.44 2.4 2.4 2.29 2.42 2.33 2.42 2.45 2.41 2.39 2.43 2.3 2.38 2.62 2.34 2.43 2.41 2.45 2.47 2.53 2.4 2.42 2.27 2.48 2.37 2.48 2.42 2.49 2.47 2.53 2.59 2.3
PID_IL12_2PATHWAY 2.42 2.53 2.52 2.78 2.5 2.63 2.33 2.47 2.39 2.49 2.5 2.35 2.15 2.51 2.58 2.44 2.43 2.62 2.39 2.46 2.78 2.53 2.45 2.37 2.59 2.45 2.62 2.57 2.35 2.26 2.46 2.46 2.5 2.56 2.63 2.59 2.51 2.7 2.44
PID_S1P_S1P3_PATHWAY 2.34 2.26 2.3 2.31 2.32 2.35 2.2 2.24 2.28 2.18 2.18 2.25 2.19 2.3 2.26 2.34 2.36 2.31 2.2 2.24 2.34 2.35 2.32 2.25 2.2 2.3 2.26 2.17 2.29 2.17 2.19 2.16 2.36 2.29 2.27 2.3 2.3 2.28 2.36
PID_LPA4_PATHWAY 2.08 2.03 2.17 1.87 1.96 2.01 1.68 1.81 2 1.98 1.46 2.1 1.93 1.98 1.87 1.98 1.92 2.05 1.96 2 1.87 1.98 2.01 1.8 1.94 1.85 1.88 1.62 1.9 1.93 1.82 1.97 2.04 2.02 1.94 1.94 1.98 1.8 1.94
PID_AR_PATHWAY 2.3 2.27 2.22 2.31 2.31 2.31 2.2 2.32 2.36 2.3 2.25 2.24 2.28 2.27 2.22 2.24 2.29 2.31 2.19 2.16 2.3 2.29 2.22 2.28 2.25 2.29 2.34 2.34 2.27 2.28 2.27 2.21 2.35 2.22 2.19 2.29 2.28 2.31 2.33
PID_NFAT_TFPATHWAY 1.47 1.49 1.52 1.77 1.74 1.76 1.59 1.66 1.61 1.7 1.54 1.51 1.62 1.78 1.66 1.54 1.54 1.58 1.55 1.54 1.81 1.73 1.47 1.72 1.77 1.6 1.75 1.67 1.51 1.54 1.64 1.65 1.63 1.76 1.64 1.71 1.66 1.83 1.44
PID_EPHB_FWD_PATHWAY 2.32 2.28 2.29 2.51 2.39 2.4 2.28 2.31 2.43 2.26 2.23 2.37 2.27 2.31 2.19 2.35 2.31 2.36 2.21 2.2 2.39 2.32 2.24 2.37 2.4 2.44 2.29 2.35 2.38 2.13 2.44 2.29 2.32 2.26 2.21 2.29 2.25 2.35 2.34
PID_AVB3_OPN_PATHWAY 2.58 2.57 2.61 2.84 2.66 2.75 2.68 2.68 2.7 2.7 2.65 2.7 2.55 2.8 2.78 2.62 2.66 2.67 2.4 2.58 2.92 2.62 2.52 2.67 2.66 2.79 2.82 2.73 2.73 2.61 2.77 2.61 2.74 2.74 2.77 2.75 2.75 2.84 2.58
PID_S1P_S1P4_PATHWAY 2.44 2.35 2.4 2.35 2.37 2.4 2.33 2.34 2.29 2.37 2.39 2.34 2.36 2.39 2.45 2.47 2.45 2.37 2.3 2.32 2.5 2.36 2.37 2.33 2.29 2.28 2.4 2.39 2.38 2.34 2.29 2.33 2.45 2.39 2.46 2.3 2.32 2.33 2.44
PID_FRA_PATHWAY 2.48 2.43 2.49 2.62 2.57 2.72 2.48 2.51 2.52 2.57 2.32 2.56 2.5 2.68 2.6 2.47 2.55 2.52 2.5 2.57 2.76 2.59 2.47 2.57 2.62 2.59 2.64 2.37 2.59 2.52 2.54 2.58 2.65 2.66 2.58 2.65 2.7 2.67 2.4
PID_MYC_ACTIV_PATHWAY 3 2.99 2.89 2.93 2.97 2.97 2.81 2.84 2.95 2.94 2.8 2.87 2.89 2.98 2.93 2.91 2.98 3 2.92 2.82 2.97 2.94 2.94 2.86 2.87 2.94 2.95 2.85 2.91 2.87 2.89 2.85 3 2.95 2.91 2.89 2.97 3 3
PID_RHOA_REG_PATHWAY 2.07 2.01 2.11 2.13 2.11 2.18 2.06 2.12 2.15 2.06 2.09 2.13 2.17 2.11 2.1 2.09 2.04 2.08 2 2.07 2.11 2.13 2.01 2.2 2.16 2.19 2.24 2.19 2.15 2.06 2.24 2.13 2.14 2.18 2.1 2.17 2.15 2.16 2.05
PID_REELIN_PATHWAY 2.66 2.67 2.67 2.74 2.68 2.71 2.62 2.71 2.72 2.69 2.56 2.65 2.72 2.71 2.66 2.63 2.61 2.66 2.64 2.61 2.74 2.6 2.65 2.64 2.74 2.76 2.69 2.62 2.71 2.64 2.77 2.66 2.74 2.72 2.62 2.71 2.73 2.7 2.66
PID_PS1_PATHWAY 2.18 2.06 2.17 2.21 2.11 2.11 1.99 2.1 2.09 2.06 2 2.08 2.11 2.15 2.05 2.13 2.14 2.15 2.1 2.03 2.23 2.1 2.06 2.11 2.05 2.17 2.18 2.1 2.13 2.01 2.08 2.06 2.13 2.17 2.08 2.11 2.08 2.2 2.17
PID_NECTIN_PATHWAY 2.16 2.21 2.39 2.59 2.33 2.41 2.33 2.41 2.36 2.31 2.26 2.38 2.29 2.34 2.33 2.34 2.28 2.33 2.26 2.31 2.52 2.26 2.32 2.35 2.38 2.44 2.42 2.37 2.41 2.22 2.45 2.26 2.36 2.34 2.32 2.34 2.37 2.52 2.24
PID_P38_ALPHA_BETA_PATHWAY 2.43 2.4 2.46 2.54 2.52 2.41 2.41 2.29 2.41 2.28 2.16 2.36 2.41 2.34 2.36 2.38 2.4 2.42 2.4 2.34 2.5 2.53 2.3 2.47 2.35 2.36 2.33 2.28 2.39 2.4 2.46 2.33 2.44 2.39 2.37 2.43 2.44 2.43 2.39
PID_WNT_SIGNALING_PATHWAY 1.95 1.81 1.85 2.02 1.85 2.02 1.68 1.81 1.79 1.8 1.77 1.75 1.68 1.78 1.85 1.82 1.99 1.89 1.89 1.72 2.1 1.94 1.91 1.77 1.79 1.84 1.9 1.85 1.84 1.68 1.77 1.79 1.95 1.81 1.89 1.84 1.86 2.05 1.94
PID_TRAIL_PATHWAY 2.09 2 1.95 2.03 2.09 1.97 1.84 1.97 1.96 1.89 1.76 1.95 1.69 1.85 1.85 1.98 2 2.07 1.93 1.92 1.98 2.01 1.93 1.88 1.91 1.91 1.89 1.82 1.85 1.73 1.98 1.91 2.04 1.9 1.89 1.85 1.98 1.96 2.2
PID_CDC42_PATHWAY 2.53 2.47 2.45 2.63 2.55 2.54 2.35 2.47 2.5 2.44 2.4 2.41 2.36 2.46 2.45 2.49 2.51 2.54 2.41 2.41 2.64 2.54 2.38 2.45 2.5 2.53 2.51 2.47 2.42 2.33 2.5 2.41 2.51 2.49 2.49 2.45 2.48 2.56 2.49
PID_RET_PATHWAY 2.49 2.44 2.49 2.53 2.51 2.48 2.36 2.44 2.44 2.38 2.39 2.46 2.47 2.47 2.39 2.5 2.49 2.44 2.4 2.44 2.55 2.47 2.47 2.42 2.49 2.5 2.44 2.43 2.45 2.37 2.48 2.42 2.54 2.48 2.46 2.46 2.47 2.52 2.47
PID_CDC42_REG_PATHWAY 1.89 1.82 1.85 1.98 1.83 1.87 1.67 1.83 1.86 1.81 1.76 1.85 1.91 1.81 1.84 1.82 1.83 1.83 1.76 1.7 1.98 1.82 1.72 1.87 1.92 1.94 1.9 1.96 1.88 1.85 1.86 1.83 1.86 1.83 1.8 1.88 1.85 1.87 1.95
PID_ATM_PATHWAY 2.35 2.16 2.14 2.24 2.28 2.25 2.11 2.09 2.23 2.13 2.04 2.25 1.97 2.15 2.12 2.24 2.34 2.25 2.15 2.07 2.37 2.28 2.19 2.14 2.12 2.25 2.17 2.08 2.22 2.07 2.24 2.1 2.38 2.25 2.2 2.15 2.21 2.15 2.36
PID_ARF6_PATHWAY 2.16 2.07 2.11 2.11 2.21 2.22 2.05 2.12 2.14 2.11 2.09 2.17 2.07 2.16 2.03 2.13 2.14 2.15 1.99 2.1 2.08 2.23 2.12 2.12 2.25 2.19 2.22 2.13 2.14 2.07 2.04 2.15 2.23 2.19 2.05 2.17 2.18 2.1 2.21
PID_LKB1_PATHWAY 2.81 2.69 2.69 2.64 2.73 2.73 2.57 2.58 2.67 2.65 2.57 2.63 2.64 2.73 2.66 2.68 2.84 2.73 2.65 2.59 2.7 2.72 2.69 2.65 2.61 2.72 2.71 2.61 2.66 2.52 2.8 2.59 2.8 2.75 2.65 2.63 2.71 2.7 2.88
PID_CD8_TCR_PATHWAY 2.42 2.43 2.49 2.69 2.45 2.56 2.32 2.43 2.37 2.49 2.39 2.34 2.29 2.46 2.49 2.44 2.46 2.53 2.4 2.43 2.66 2.44 2.43 2.39 2.5 2.44 2.54 2.52 2.37 2.36 2.53 2.45 2.51 2.49 2.54 2.54 2.54 2.56 2.36
PID_WNT_CANONICAL_PATHWAY 1.9 1.82 1.74 1.59 1.83 1.73 1.47 1.63 1.67 1.63 1.47 1.55 1.72 1.72 1.6 1.74 1.79 1.82 1.71 1.66 1.72 1.77 1.64 1.67 1.49 1.67 1.67 1.47 1.63 1.56 1.8 1.54 1.69 1.74 1.61 1.64 1.72 1.65 1.89
PID_TCPTP_PATHWAY 1.96 2.06 2.05 2.2 2.08 2.17 1.88 2.06 1.94 2.06 2.01 2.02 1.97 2.02 2.02 1.97 1.96 2.09 1.94 1.99 2.15 2.01 2.04 1.91 2.05 2.01 2.06 2.02 1.98 1.92 1.93 1.98 2.1 2 2.06 2.07 2.12 2.08 2.04
PID_ANGIOPOIETIN_RECEPTOR_PATHWAY 2.47 2.37 2.52 2.65 2.52 2.57 2.37 2.47 2.44 2.46 2.35 2.38 2.39 2.45 2.44 2.43 2.47 2.44 2.44 2.48 2.58 2.48 2.47 2.49 2.49 2.52 2.52 2.45 2.49 2.43 2.54 2.47 2.5 2.48 2.45 2.54 2.56 2.58 2.42
PID_FAS_PATHWAY 2.2 2.14 2.02 2.04 2.24 2.09 1.91 2.03 2.22 2.02 1.8 2.17 1.87 2.09 1.98 2.09 2.13 2.2 2.03 1.97 2.06 2.17 2.05 1.99 1.99 2.11 2.01 1.86 2.07 1.91 2.04 1.97 2.21 2.05 1.97 1.96 2.11 2.06 2.29
PID_TXA2PATHWAY 2.72 2.64 2.65 2.59 2.69 2.69 2.46 2.43 2.59 2.47 2.45 2.64 2.5 2.58 2.53 2.65 2.69 2.64 2.57 2.55 2.61 2.68 2.59 2.53 2.57 2.61 2.56 2.48 2.6 2.53 2.52 2.53 2.73 2.62 2.56 2.59 2.69 2.56 2.75
PID_SHP2_PATHWAY 2.53 2.49 2.57 2.59 2.6 2.65 2.29 2.51 2.5 2.55 2.44 2.52 2.5 2.54 2.49 2.58 2.59 2.59 2.45 2.46 2.66 2.53 2.54 2.49 2.61 2.55 2.59 2.53 2.54 2.47 2.53 2.46 2.68 2.53 2.54 2.6 2.64 2.6 2.49
PID_S1P_S1P1_PATHWAY 2.22 2.22 2.26 2.2 2.32 2.26 2.16 2.16 2.19 2.18 2.12 2.23 2.04 2.23 2.24 2.33 2.29 2.26 2.09 2.12 2.41 2.23 2.26 2.16 2.07 2.19 2.2 2.14 2.23 2.12 2.2 2.14 2.34 2.1 2.29 2.15 2.28 2.33 2.28
PID_TELOMERASE_PATHWAY 2.56 2.51 2.45 2.44 2.53 2.53 2.43 2.5 2.6 2.51 2.41 2.55 2.62 2.5 2.43 2.49 2.57 2.52 2.41 2.35 2.53 2.5 2.43 2.52 2.52 2.56 2.54 2.47 2.56 2.48 2.53 2.33 2.6 2.48 2.4 2.45 2.58 2.57 2.64
PID_HNF3B_PATHWAY 2.04 2.21 2.19 2.61 2.29 2.41 2.05 2.24 2.18 2.4 2.09 2.14 2.18 2.35 2.39 2.01 2.02 2.24 2.01 2.24 2.52 2.27 2.18 2.25 2.34 2.2 2.41 2.24 2.14 2.13 2.37 2.3 2.29 2.4 2.49 2.41 2.26 2.47 2.08
PID_NETRIN_PATHWAY 2.67 2.62 2.62 2.67 2.7 2.66 2.52 2.62 2.72 2.58 2.57 2.65 2.57 2.64 2.56 2.64 2.55 2.67 2.58 2.58 2.7 2.66 2.58 2.58 2.65 2.69 2.6 2.58 2.63 2.56 2.66 2.63 2.68 2.68 2.58 2.63 2.62 2.67 2.56
PID_IL1_PATHWAY 1.82 1.82 1.72 1.98 1.86 1.72 1.69 1.7 1.79 1.73 1.64 1.73 1.67 1.88 1.72 1.81 1.82 1.83 1.73 1.72 1.87 1.8 1.72 1.77 1.9 1.78 1.78 1.7 1.68 1.76 1.79 1.73 1.78 1.93 1.75 1.71 1.84 1.8 1.87
PID_NFAT_3PATHWAY 2.84 2.61 2.47 2.46 2.71 2.53 2.28 2.35 2.56 2.42 2.29 2.47 2.37 2.44 2.46 2.6 2.81 2.65 2.54 2.34 2.61 2.7 2.51 2.4 2.34 2.55 2.42 2.35 2.5 2.41 2.52 2.36 2.73 2.45 2.47 2.37 2.56 2.51 2.87
PID_REG_GR_PATHWAY 2.54 2.44 2.41 2.44 2.5 2.46 2.32 2.37 2.42 2.39 2.29 2.36 2.34 2.4 2.37 2.4 2.5 2.49 2.39 2.33 2.46 2.48 2.42 2.39 2.38 2.46 2.43 2.36 2.4 2.33 2.48 2.28 2.54 2.41 2.35 2.38 2.49 2.45 2.61
PID_INTEGRIN_A9B1_PATHWAY 2.88 2.82 2.98 3.35 3.01 3.15 2.9 3.08 3.05 3.05 2.96 2.95 2.82 3.03 3.19 2.9 2.95 2.98 2.91 3.01 3.26 3 2.91 3.04 3.19 3.09 3.1 3.05 2.97 2.81 3.13 2.88 2.97 3.05 3.19 3.2 3.06 3.26 2.79
PID_ARF6_DOWNSTREAM_PATHWAY 2.23 2.17 2.04 2.15 2.17 2.07 1.86 1.95 2.2 2 1.94 2.1 1.8 1.99 2.1 2.08 2.11 2.12 2.03 1.99 2.18 2.17 2 1.98 2.09 2.14 2.04 2.05 2.03 1.92 1.94 1.94 2.18 1.96 2.02 1.98 2.01 2.07 2.25
PID_MTOR_4PATHWAY 2.41 2.29 2.24 2.29 2.36 2.31 2.22 2.28 2.31 2.25 2.27 2.29 2.27 2.24 2.31 2.32 2.39 2.29 2.27 2.19 2.34 2.33 2.28 2.3 2.23 2.38 2.29 2.32 2.32 2.24 2.31 2.24 2.38 2.26 2.29 2.3 2.32 2.34 2.41
PID_IL2_1PATHWAY 2.45 2.4 2.42 2.43 2.43 2.48 2.24 2.34 2.35 2.34 2.26 2.34 2.26 2.38 2.33 2.37 2.41 2.44 2.27 2.32 2.46 2.38 2.35 2.32 2.35 2.4 2.39 2.35 2.32 2.3 2.33 2.31 2.5 2.4 2.38 2.39 2.43 2.41 2.41
PID_CXCR4_PATHWAY 2.61 2.55 2.59 2.67 2.65 2.65 2.45 2.48 2.58 2.5 2.47 2.56 2.42 2.53 2.53 2.6 2.62 2.6 2.48 2.5 2.71 2.61 2.52 2.49 2.53 2.61 2.58 2.51 2.57 2.47 2.54 2.47 2.63 2.52 2.55 2.6 2.6 2.63 2.59
PID_IGF1_PATHWAY 2.42 2.27 2.24 2.1 2.27 2.21 2.23 2.22 2.31 2.11 2.25 2.31 2.25 2.19 2.14 2.34 2.36 2.24 2.2 2.2 2.17 2.31 2.21 2.21 2.3 2.35 2.17 2.25 2.29 2.21 2.27 2.15 2.33 2.18 2.17 2.21 2.21 2.21 2.41
PID_ERBB1_RECEPTOR_PROXIMAL_PATHWAY 2.06 2.06 2.03 2.17 2.1 2.07 1.95 2.11 2.07 2.08 2.06 2.14 2.07 2.05 1.97 2.02 2.09 2.08 1.94 2.02 2.1 2.07 2.04 1.98 2.21 2.1 2 2.06 2.09 1.95 2.12 2.03 2.05 2.06 2.01 2 2.02 2.05 1.98
PID_TNF_PATHWAY 2.11 2.1 2.02 2.21 2.15 2.15 2 2.07 2.1 2.07 1.9 2.02 2.05 2.11 2.03 2.05 2.11 2.18 2.02 2.02 2.12 2.12 2.04 2.08 2.13 2.05 2.12 2.02 2.07 2.01 2.1 1.97 2.13 2.16 2.01 2.08 2.15 2.16 2.13
PID_PLK1_PATHWAY 2.9 2.83 2.79 2.82 2.94 2.91 2.66 2.8 2.93 2.8 2.7 2.81 2.82 2.85 2.86 2.86 2.9 2.88 2.73 2.73 2.98 2.92 2.78 2.81 2.86 2.89 2.9 2.78 2.82 2.74 2.77 2.73 2.94 2.84 2.82 2.85 2.95 2.96 2.9
PID_TCR_RAS_PATHWAY 2.27 2.09 2.21 1.79 2.02 1.93 1.61 1.75 1.78 1.75 1.57 1.93 1.79 1.88 1.71 2.07 2.05 2.04 1.94 1.93 1.95 2.03 2.05 1.73 1.8 1.8 1.77 1.63 1.91 1.82 1.86 1.95 2.14 1.93 1.82 1.72 2.07 1.76 2.18
PID_IL5_PATHWAY 2.71 2.62 2.74 2.51 2.71 2.62 2.49 2.62 2.72 2.69 2.57 2.69 2.68 2.63 2.53 2.75 2.82 2.67 2.66 2.74 2.59 2.64 2.74 2.66 2.61 2.76 2.7 2.65 2.72 2.64 2.61 2.66 2.81 2.64 2.56 2.7 2.82 2.69 2.75
PID_FOXO_PATHWAY 2.63 2.49 2.43 2.48 2.56 2.53 2.36 2.39 2.56 2.43 2.31 2.49 2.41 2.45 2.43 2.48 2.59 2.53 2.38 2.37 2.57 2.51 2.42 2.44 2.43 2.51 2.5 2.45 2.5 2.39 2.57 2.31 2.62 2.48 2.42 2.44 2.53 2.6 2.62
PID_THROMBIN_PAR4_PATHWAY 3.17 3.12 3.08 3.11 3.15 3.22 3.02 3.08 3.18 2.98 3 3.1 3.06 3.13 3.1 3.15 3.13 3.13 3.04 3.08 3.1 3.12 3.08 3.12 3.09 3.2 3.16 3.04 3.1 3.06 2.94 2.97 3.19 3.13 3.06 3.12 3.21 3.09 3.16
PID_PI3KCI_PATHWAY 2.66 2.59 2.66 2.63 2.72 2.69 2.63 2.59 2.69 2.65 2.57 2.65 2.65 2.64 2.57 2.62 2.65 2.62 2.53 2.59 2.72 2.68 2.61 2.64 2.66 2.69 2.66 2.59 2.63 2.65 2.72 2.53 2.7 2.63 2.57 2.65 2.66 2.7 2.68
PID_AJDISS_2PATHWAY 2.65 2.63 2.69 2.69 2.71 2.71 2.45 2.62 2.67 2.62 2.43 2.63 2.7 2.66 2.62 2.66 2.63 2.62 2.6 2.57 2.73 2.69 2.62 2.59 2.67 2.68 2.71 2.57 2.69 2.61 2.55 2.6 2.78 2.67 2.61 2.7 2.71 2.68 2.61
PID_IL2_PI3K_PATHWAY 2.81 2.81 2.84 2.88 2.86 2.93 2.83 2.9 2.9 2.85 2.8 2.89 2.92 2.89 2.77 2.86 2.84 2.89 2.78 2.87 2.89 2.84 2.82 2.88 2.95 2.92 2.89 2.8 2.87 2.83 2.96 2.79 2.88 2.95 2.83 2.87 2.89 2.96 2.86
PID_CERAMIDE_PATHWAY 2.42 2.38 2.27 2.3 2.47 2.39 2.24 2.24 2.34 2.36 2.1 2.29 2.14 2.35 2.28 2.33 2.4 2.45 2.26 2.25 2.33 2.43 2.3 2.3 2.3 2.34 2.37 2.24 2.29 2.22 2.38 2.24 2.48 2.39 2.31 2.34 2.4 2.29 2.43
PID_P53_DOWNSTREAM_PATHWAY 2.23 2.27 2.28 2.51 2.38 2.48 2.32 2.42 2.48 2.42 2.29 2.37 2.41 2.42 2.42 2.31 2.29 2.34 2.21 2.26 2.46 2.38 2.29 2.46 2.42 2.44 2.46 2.39 2.39 2.33 2.47 2.31 2.45 2.46 2.46 2.48 2.48 2.56 2.23
PID_P75_NTR_PATHWAY 2.82 2.68 2.62 2.7 2.85 2.7 2.54 2.58 2.75 2.58 2.56 2.73 2.49 2.67 2.61 2.77 2.87 2.71 2.59 2.53 2.78 2.8 2.62 2.57 2.69 2.74 2.61 2.58 2.69 2.54 2.68 2.58 2.81 2.64 2.62 2.62 2.68 2.68 2.75
PID_S1P_META_PATHWAY 2.4 2.39 2.43 2.28 2.34 2.49 2.34 2.32 2.31 2.33 2.25 2.3 2.3 2.33 2.32 2.4 2.39 2.36 2.33 2.31 2.28 2.36 2.4 2.3 2.17 2.26 2.3 2.23 2.29 2.33 2.25 2.25 2.37 2.35 2.33 2.28 2.36 2.21 2.36
PID_ECADHERIN_NASCENT_AJ_PATHWAY 2.09 2.11 2.11 2.15 2.18 2.14 2.12 2.18 2.16 2.06 2.1 2.23 2.18 2.11 2.08 2.13 2.1 2.15 2.09 2.11 2.17 2.13 2.14 2.14 2.21 2.18 2.13 2.08 2.18 2.07 2.19 2.1 2.13 2.09 2.03 2.07 2.05 2.2 2.08
PID_INTEGRIN4_PATHWAY 1.61 1.6 1.93 1.95 1.66 2.11 1.51 1.7 1.75 1.82 1.59 1.71 1.82 2.01 1.85 1.67 1.66 1.72 1.72 2.03 2.02 1.66 1.82 1.72 1.87 1.7 1.93 1.67 1.82 1.74 1.71 2.03 1.93 2.18 1.96 1.96 1.76 1.99 1.5
PID_AMB2_NEUTROPHILS_PATHWAY 2.57 2.55 2.61 2.67 2.62 2.75 2.53 2.65 2.61 2.58 2.59 2.54 2.55 2.58 2.57 2.6 2.58 2.63 2.52 2.55 2.77 2.6 2.52 2.6 2.7 2.65 2.7 2.72 2.61 2.54 2.58 2.56 2.66 2.58 2.58 2.64 2.71 2.72 2.57
PID_AVB3_INTEGRIN_PATHWAY 2.61 2.58 2.63 2.85 2.71 2.76 2.57 2.68 2.71 2.61 2.61 2.66 2.63 2.73 2.66 2.69 2.65 2.67 2.55 2.61 2.83 2.66 2.59 2.71 2.75 2.72 2.75 2.68 2.67 2.57 2.75 2.64 2.72 2.79 2.71 2.74 2.75 2.81 2.63
PID_IFNG_PATHWAY 2.22 2.25 2.27 2.36 2.3 2.38 2.1 2.2 2.3 2.25 2.27 2.26 2.24 2.3 2.23 2.25 2.25 2.33 2.21 2.19 2.34 2.27 2.26 2.19 2.23 2.28 2.31 2.29 2.23 2.2 2.26 2.21 2.35 2.28 2.24 2.31 2.33 2.35 2.23
PID_LIS1_PATHWAY 2.61 2.38 2.46 2.59 2.61 2.57 2.5 2.55 2.66 2.52 2.43 2.57 2.65 2.64 2.57 2.53 2.69 2.5 2.46 2.51 2.7 2.64 2.46 2.58 2.57 2.66 2.62 2.48 2.62 2.55 2.61 2.59 2.72 2.65 2.56 2.6 2.61 2.64 2.63
PID_ERBB1_DOWNSTREAM_PATHWAY 2.48 2.4 2.37 2.44 2.44 2.37 2.27 2.29 2.4 2.31 2.27 2.41 2.28 2.34 2.33 2.37 2.46 2.46 2.33 2.3 2.46 2.42 2.35 2.3 2.42 2.4 2.33 2.32 2.37 2.23 2.43 2.3 2.45 2.39 2.33 2.32 2.36 2.39 2.5
PID_SYNDECAN_4_PATHWAY 2.75 2.67 2.81 2.89 2.85 2.92 2.65 2.83 2.79 2.74 2.66 2.81 2.75 2.85 2.75 2.81 2.82 2.79 2.77 2.83 2.95 2.81 2.79 2.83 2.81 2.79 2.83 2.75 2.8 2.7 2.72 2.83 2.78 2.83 2.72 2.88 2.88 2.91 2.72
PID_ATF2_PATHWAY 2.35 2.26 2.19 2.2 2.33 2.32 2.04 2.04 2.22 2.11 1.97 2.16 2.16 2.15 2.14 2.21 2.23 2.28 2.17 2.1 2.33 2.32 2.17 2.14 2.11 2.16 2.13 2.03 2.11 2.11 2.17 2.04 2.38 2.18 2.19 2.15 2.25 2.33 2.33
PID_AP1_PATHWAY 2.69 2.67 2.71 2.84 2.78 2.8 2.55 2.68 2.69 2.72 2.47 2.7 2.75 2.7 2.68 2.67 2.69 2.75 2.63 2.67 2.87 2.76 2.69 2.7 2.71 2.66 2.77 2.56 2.72 2.69 2.67 2.7 2.83 2.76 2.7 2.78 2.79 2.81 2.62
PID_UPA_UPAR_PATHWAY 2.35 2.41 2.59 2.92 2.55 2.68 2.38 2.65 2.49 2.58 2.46 2.43 2.45 2.56 2.62 2.54 2.47 2.52 2.52 2.56 2.83 2.51 2.49 2.49 2.71 2.58 2.73 2.57 2.48 2.38 2.68 2.6 2.55 2.61 2.67 2.72 2.67 2.8 2.35
PID_ERBB2_ERBB3_PATHWAY 2.09 1.98 2.08 1.99 2 1.92 1.84 1.86 1.94 1.89 1.88 1.95 1.76 1.88 1.86 1.99 2 2 1.91 1.95 2.01 1.98 1.96 1.81 1.86 1.95 1.86 1.89 1.9 1.81 1.96 1.92 2 1.91 1.92 1.88 1.94 1.92 2.08
PID_FOXM1_PATHWAY 1.8 1.69 1.8 2.05 1.88 2.01 1.76 1.78 1.83 1.83 1.76 1.77 1.71 1.95 1.87 1.84 1.85 1.83 1.76 1.82 2.11 1.93 1.79 1.87 1.85 1.88 1.93 1.88 1.76 1.67 1.86 1.92 1.89 2.04 1.99 1.89 1.98 2.03 1.79
PID_EPHA_FWDPATHWAY 2.37 2.28 2.39 2.59 2.42 2.49 2.23 2.41 2.37 2.36 2.28 2.3 2.47 2.4 2.42 2.37 2.34 2.35 2.24 2.3 2.63 2.36 2.32 2.38 2.51 2.43 2.58 2.44 2.38 2.39 2.4 2.3 2.51 2.45 2.44 2.49 2.51 2.59 2.36
PID_HIF1A_PATHWAY 2.87 2.8 2.73 2.85 2.81 2.74 2.6 2.65 2.73 2.82 2.55 2.73 2.8 2.9 2.78 2.73 2.8 2.88 2.67 2.63 2.79 2.79 2.73 2.71 2.77 2.72 2.79 2.65 2.68 2.7 2.79 2.61 2.82 2.93 2.83 2.78 2.74 2.88 2.86
PID_BMP_PATHWAY 1.81 1.8 1.87 2.05 1.89 1.97 1.73 1.95 1.93 1.98 1.78 1.9 2 1.97 1.9 1.86 1.83 1.93 1.79 1.81 1.96 1.88 1.71 1.88 1.97 1.88 2.06 1.86 1.82 1.84 1.87 1.88 1.86 2 1.83 1.92 1.93 2.02 1.83
PID_IL3_PATHWAY 2.87 2.73 2.95 2.9 2.93 2.93 2.67 2.79 2.87 2.87 2.79 2.82 2.76 2.8 2.86 2.88 2.94 2.8 2.8 2.94 2.91 2.9 2.89 2.8 2.83 2.89 2.89 2.84 2.91 2.74 2.86 2.82 2.99 2.82 2.86 2.87 2.95 2.9 2.87
PID_IL6_7_PATHWAY 2.34 2.4 2.53 2.49 2.42 2.49 2.41 2.46 2.42 2.48 2.46 2.45 2.45 2.48 2.45 2.37 2.38 2.45 2.36 2.49 2.5 2.4 2.44 2.46 2.51 2.43 2.5 2.45 2.4 2.42 2.57 2.45 2.49 2.48 2.5 2.54 2.47 2.54 2.39
PID_ECADHERIN_KERATINOCYTE_PATHWAY 2.45 2.43 2.55 2.61 2.55 2.6 2.56 2.6 2.56 2.52 2.57 2.73 2.62 2.55 2.49 2.53 2.48 2.5 2.44 2.58 2.64 2.55 2.45 2.56 2.84 2.6 2.58 2.66 2.64 2.5 2.56 2.55 2.58 2.58 2.49 2.56 2.52 2.64 2.42
PID_ALK1_PATHWAY 2.25 2.16 2.34 2.5 2.35 2.48 2.11 2.23 2.26 2.33 2.24 2.28 2.19 2.28 2.39 2.22 2.27 2.21 2.1 2.37 2.5 2.38 2.1 2.23 2.41 2.33 2.4 2.3 2.17 2.15 2.15 2.29 2.3 2.41 2.4 2.2 2.24 2.31 2.23
PID_PDGFRB_PATHWAY 2.54 2.41 2.41 2.44 2.5 2.49 2.26 2.32 2.44 2.35 2.27 2.41 2.3 2.34 2.33 2.44 2.54 2.46 2.33 2.34 2.5 2.47 2.4 2.32 2.38 2.45 2.36 2.32 2.42 2.3 2.36 2.31 2.52 2.36 2.34 2.34 2.45 2.42 2.52
PID_TRKR_PATHWAY 2.26 2.27 2.29 2.34 2.29 2.31 2.12 2.2 2.28 2.23 2.13 2.28 2.23 2.28 2.22 2.26 2.28 2.29 2.22 2.23 2.34 2.29 2.24 2.21 2.29 2.3 2.3 2.18 2.28 2.2 2.32 2.26 2.36 2.32 2.25 2.28 2.23 2.23 2.15
PID_TCR_JNK_PATHWAY 2.11 2 1.78 2.04 2.09 2.01 1.6 1.8 1.76 1.74 1.69 1.72 1.75 1.83 1.82 1.95 2.1 2.11 1.84 1.61 2.13 2 1.85 1.8 1.87 1.91 1.94 1.82 1.81 1.65 1.8 1.68 2.13 1.89 1.87 1.79 2.09 2.04 2.25
PID_NEPHRIN_NEPH1_PATHWAY 2.3 2.25 2.21 2.25 2.33 2.15 2.1 2.17 2.15 2.16 2.04 2.23 2 2.16 2.03 2.25 2.24 2.29 2.2 2.18 2.26 2.3 2.17 2.12 2.23 2.21 2.15 2.09 2.17 2.1 2.24 2.13 2.25 2.19 2.12 2.19 2.22 2.25 2.36
PID_IL23_PATHWAY 1.9 2.07 2.1 2.48 2.16 2.23 2.14 2.2 2.06 2.24 2.12 1.95 1.89 2.22 2.31 1.99 2 2.17 1.95 2.16 2.47 2.21 2.05 2.14 2.11 2.09 2.29 2.25 1.98 2.05 2.17 2.18 2.16 2.25 2.39 2.3 2.21 2.36 1.86
PID_HIV_NEF_PATHWAY 2.06 2.15 2.17 2.34 2.2 2.31 2.14 2.27 2.23 2.34 2.08 2.16 2.19 2.28 2.31 2.12 2.07 2.21 2.07 2.18 2.25 2.19 2.22 2.21 2.17 2.15 2.35 2.09 2.16 2.25 2.24 2.16 2.3 2.25 2.34 2.33 2.34 2.28 2.02
PID_SYNDECAN_1_PATHWAY 2.2 2.02 2.17 2.3 2.31 2.28 1.97 2.1 2.13 2.12 2.08 2.13 1.98 2.32 2.1 2.21 2.25 2.12 2.08 2.17 2.38 2.29 2.08 2.19 2.14 2.17 2.24 2.14 2.13 2.11 2.13 2.21 2.3 2.36 2.15 2.25 2.26 2.27 2.23
PID_P38_MK2_PATHWAY 2.73 2.43 2.31 2.33 2.55 2.36 2.49 2.38 2.62 2.63 2.35 2.58 2.72 2.53 2.43 2.4 2.67 2.52 2.34 2.17 2.45 2.51 2.3 2.36 2.41 2.41 2.41 2.43 2.39 2.68 2.47 2.2 2.6 2.55 2.31 2.35 2.46 2.43 2.76
PID_ERBB_NETWORK_PATHWAY 2.96 2.87 2.85 2.77 2.96 2.83 2.83 2.76 2.87 2.92 2.88 2.91 2.98 3.01 2.82 2.9 2.98 2.96 2.81 2.78 2.92 2.92 2.94 2.84 2.98 2.85 2.95 2.78 2.85 2.87 2.86 2.82 3.08 3 2.88 2.98 3.05 2.92 2.97
PID_ALK2_PATHWAY 2.2 2.18 2.37 2.45 2.34 2.37 2 2.25 2.21 2.38 2.03 2.24 2.22 2.47 2.41 2.27 2.38 2.27 2.06 2.3 2.56 2.48 2.06 2.24 2.33 2.28 2.53 2.1 2.18 2.23 2.17 2.36 2.43 2.59 2.5 2.33 2.36 2.41 2.15
PID_PDGFRA_PATHWAY 1.93 2 2.25 2.17 1.98 2.1 1.93 2.19 1.89 2.09 1.93 2.06 2.02 2.01 2.06 2.06 1.88 2.03 2.07 2.14 2.14 1.85 2.17 1.98 2.08 2.06 2.12 2.08 2.03 2.01 2.15 1.98 2.08 2.02 2.08 2.04 2.15 2.14 1.99
PID_IL8_CXCR2_PATHWAY 2.82 2.58 2.52 2.44 2.71 2.51 2.19 2.19 2.55 2.31 2.15 2.6 2.42 2.42 2.32 2.6 2.69 2.53 2.48 2.34 2.51 2.65 2.5 2.38 2.29 2.54 2.33 2.19 2.51 2.34 2.31 2.32 2.69 2.39 2.33 2.33 2.57 2.38 2.87
PID_HEDGEHOG_2PATHWAY 1.7 1.75 1.89 1.82 1.99 2.13 1.79 2.01 1.83 1.96 1.7 1.75 1.75 1.79 1.81 1.92 1.8 1.81 1.77 1.9 1.88 1.87 1.92 2.04 1.87 1.86 2.02 1.95 1.87 1.85 2 1.93 2.05 1.86 1.94 2.09 2.09 1.95 1.87
PID_AR_NONGENOMIC_PATHWAY 2.43 2.35 2.41 2.31 2.36 2.28 2.24 2.21 2.31 2.2 2.24 2.29 2.16 2.22 2.21 2.36 2.33 2.32 2.27 2.26 2.32 2.33 2.31 2.18 2.21 2.27 2.15 2.24 2.29 2.18 2.28 2.29 2.38 2.27 2.21 2.17 2.25 2.24 2.37
PID_ERBB1_INTERNALIZATION_PATHWAY 2.18 2.07 2.1 2.07 2.14 1.98 1.86 1.93 2.08 2.01 1.96 2.21 2.13 1.98 1.96 2.07 2.1 2.13 1.99 1.94 2.08 2.08 2 1.91 2.07 2.04 2.02 2.03 2.06 1.89 2 1.93 2.05 1.96 1.9 1.93 2.01 1.98 2.22
PID_HEDGEHOG_GLI_PATHWAY 1.98 1.97 2.01 2.05 1.98 2.12 1.9 2.01 2.03 1.96 1.98 1.96 2.01 1.97 1.99 1.98 1.99 2 1.94 1.95 1.98 1.98 1.96 1.99 1.93 2.03 1.98 1.98 2.01 1.95 2.03 1.89 1.99 2.03 1.93 1.98 1.99 2.03 2.03
PID_CASPASE_PATHWAY 2.46 2.4 2.45 2.56 2.57 2.63 2.34 2.43 2.48 2.45 2.37 2.42 2.29 2.5 2.44 2.5 2.55 2.5 2.4 2.45 2.6 2.54 2.45 2.42 2.49 2.49 2.56 2.43 2.45 2.34 2.5 2.45 2.56 2.55 2.5 2.52 2.53 2.52 2.46
PID_CXCR3_PATHWAY 2.28 2.08 2.17 2.09 2.24 2.2 1.96 1.98 2.13 2.06 1.85 2.11 1.88 2.07 1.98 2.19 2.18 2.07 2.11 2.02 2.16 2.2 2.13 2 2.04 2.15 2.05 2.06 2.08 1.91 2.13 2.07 2.28 2.07 2.06 1.97 2.12 2.09 2.33
PID_BETA_CATENIN_NUC_PATHWAY 2.64 2.48 2.47 2.62 2.65 2.59 2.41 2.52 2.56 2.57 2.37 2.47 2.45 2.58 2.55 2.56 2.65 2.54 2.49 2.43 2.71 2.6 2.5 2.53 2.41 2.59 2.62 2.52 2.57 2.47 2.56 2.48 2.67 2.59 2.54 2.57 2.63 2.67 2.71
PID_VEGFR1_PATHWAY 2.56 2.49 2.5 2.42 2.5 2.42 2.4 2.45 2.4 2.51 2.37 2.45 2.6 2.51 2.39 2.48 2.46 2.49 2.5 2.46 2.5 2.49 2.57 2.42 2.37 2.42 2.46 2.35 2.41 2.44 2.56 2.46 2.54 2.52 2.47 2.51 2.51 2.52 2.52
PID_SMAD2_3PATHWAY 1.84 1.9 1.8 1.86 1.82 1.86 1.68 1.67 1.8 1.73 1.81 1.68 1.71 1.69 1.83 1.76 1.76 1.87 1.84 1.66 1.84 1.77 1.78 1.65 1.52 1.69 1.66 1.6 1.67 1.66 1.64 1.73 1.86 1.66 1.69 1.7 1.66 1.73 1.93
PID_P38_ALPHA_BETA_DOWNSTREAM_PATHWAY 2.12 2.11 2.09 2.25 2.15 2.18 2.07 2.01 2.13 2.25 2.03 2.06 2.18 2.4 2.23 2.12 2.1 2.17 1.95 2.04 2.18 2.18 2.06 2.14 2.15 2.09 2.25 2.06 2.07 2.23 2.18 2.07 2.23 2.45 2.27 2.23 2.25 2.3 2.16
PID_KIT_PATHWAY 2.4 2.37 2.37 2.36 2.4 2.42 2.29 2.3 2.36 2.36 2.31 2.34 2.36 2.38 2.35 2.38 2.42 2.4 2.3 2.37 2.4 2.36 2.34 2.34 2.3 2.38 2.35 2.28 2.35 2.37 2.38 2.36 2.45 2.38 2.43 2.4 2.44 2.38 2.32
PID_ECADHERIN_STABILIZATION_PATHWAY 2.24 2.18 2.22 2.32 2.26 2.35 2.07 2.28 2.2 2.17 2.14 2.29 2.29 2.22 2.2 2.24 2.24 2.24 2.17 2.21 2.37 2.23 2.25 2.16 2.33 2.24 2.26 2.19 2.25 2.15 2.08 2.17 2.32 2.24 2.23 2.23 2.31 2.35 2.24
PID_EPO_PATHWAY 2.11 2.13 2.17 2.26 2.14 2.15 2 2.15 2.16 2.18 2.04 2.11 2.25 2.13 2.09 2.1 2.16 2.16 2.05 2.1 2.21 2.11 2.16 2.15 2.14 2.19 2.18 2.11 2.15 2.18 2.21 2.06 2.23 2.11 2.17 2.2 2.2 2.17 2.05
PID_IL2_STAT5_PATHWAY 2.23 2.27 2.38 2.48 2.36 2.47 2.22 2.4 2.38 2.37 2.19 2.28 2.3 2.34 2.32 2.32 2.29 2.34 2.22 2.36 2.45 2.28 2.31 2.38 2.42 2.43 2.5 2.37 2.34 2.36 2.45 2.36 2.46 2.4 2.39 2.42 2.45 2.51 2.34
PID_TCR_CALCIUM_PATHWAY 2.97 2.74 2.68 2.64 2.9 2.76 2.36 2.5 2.59 2.56 2.38 2.62 2.19 2.55 2.61 2.73 2.92 2.8 2.73 2.45 2.9 2.85 2.72 2.54 2.6 2.63 2.6 2.53 2.61 2.39 2.59 2.54 2.93 2.54 2.73 2.6 2.74 2.72 3.03
PID_DELTA_NP63_PATHWAY 1.79 1.84 1.85 2.06 1.98 2.23 1.84 1.91 1.98 2.03 1.8 1.95 1.84 2.01 2.05 1.79 1.78 1.9 1.74 1.89 1.99 2.01 1.91 1.97 1.99 1.98 2.06 1.93 1.92 1.89 2.06 2 2.06 2.05 2.04 2.1 2.01 2.05 1.8
PID_VEGFR1_2_PATHWAY 2.44 2.36 2.36 2.36 2.46 2.41 2.28 2.35 2.37 2.37 2.23 2.36 2.44 2.44 2.34 2.37 2.41 2.42 2.31 2.27 2.43 2.39 2.35 2.37 2.36 2.36 2.4 2.28 2.36 2.37 2.39 2.28 2.48 2.44 2.33 2.38 2.42 2.43 2.45
PID_THROMBIN_PAR1_PATHWAY 2.62 2.57 2.54 2.49 2.61 2.56 2.39 2.42 2.53 2.4 2.38 2.53 2.47 2.49 2.46 2.61 2.61 2.6 2.52 2.48 2.52 2.62 2.54 2.46 2.44 2.53 2.47 2.37 2.48 2.45 2.41 2.49 2.64 2.51 2.49 2.47 2.56 2.47 2.66
PID_A6B1_A6B4_INTEGRIN_PATHWAY 3.02 2.85 2.86 3.01 3.05 2.92 2.77 2.82 2.97 2.92 2.88 2.9 2.78 2.89 2.89 2.98 3.08 2.89 2.79 2.79 3.09 3.03 2.83 2.84 2.88 2.98 2.94 2.94 2.94 2.8 2.97 2.85 3.07 2.93 2.92 2.93 2.97 2.98 3.08
PID_SYNDECAN_2_PATHWAY 2.62 2.41 2.58 2.54 2.61 2.64 2.25 2.47 2.46 2.44 2.27 2.41 2.5 2.55 2.39 2.51 2.6 2.51 2.53 2.49 2.7 2.54 2.48 2.4 2.52 2.5 2.49 2.32 2.42 2.41 2.39 2.4 2.63 2.49 2.38 2.5 2.58 2.61 2.6
PID_RAC1_REG_PATHWAY 2.61 2.47 2.42 2.55 2.53 2.45 2.36 2.43 2.56 2.41 2.35 2.51 2.38 2.45 2.42 2.47 2.5 2.47 2.38 2.34 2.46 2.52 2.38 2.48 2.42 2.57 2.39 2.38 2.48 2.39 2.55 2.45 2.52 2.5 2.38 2.43 2.49 2.4 2.54
PID_AURORA_A_PATHWAY 2.79 2.77 2.66 2.81 2.78 2.73 2.61 2.63 2.75 2.78 2.45 2.67 2.63 2.75 2.72 2.64 2.74 2.78 2.58 2.57 2.74 2.77 2.66 2.65 2.63 2.73 2.73 2.55 2.6 2.6 2.77 2.62 2.83 2.77 2.72 2.71 2.75 2.83 2.73
PID_ARF_3PATHWAY 2.48 2.43 2.37 2.43 2.43 2.34 2.35 2.35 2.58 2.36 2.32 2.44 2.31 2.3 2.32 2.32 2.4 2.4 2.28 2.22 2.19 2.42 2.43 2.35 2.36 2.5 2.29 2.31 2.35 2.29 2.48 2.34 2.36 2.26 2.18 2.28 2.31 2.37 2.56
PID_INSULIN_GLUCOSE_PATHWAY 3.3 3.02 2.94 3.02 3.19 3.06 2.84 2.83 3.05 2.91 2.83 2.99 2.72 2.99 2.95 3.07 3.3 3.09 2.94 2.83 3.16 3.16 2.94 2.95 2.98 3.13 2.98 2.98 3.04 2.8 3.14 2.86 3.25 3.02 2.96 2.91 3.08 3.05 3.31
PID_PI3KCI_AKT_PATHWAY 2.58 2.39 2.38 2.44 2.47 2.38 2.36 2.35 2.4 2.35 2.37 2.36 2.45 2.41 2.38 2.44 2.61 2.43 2.38 2.29 2.52 2.44 2.38 2.38 2.33 2.46 2.39 2.42 2.45 2.36 2.55 2.31 2.51 2.42 2.35 2.37 2.39 2.46 2.66
PID_SYNDECAN_3_PATHWAY 2.21 2.25 2.45 2.45 2.45 2.37 2.08 2.21 2.19 2.31 2.22 2.41 2.25 2.37 2.25 2.39 2.24 2.27 2.26 2.36 2.53 2.4 2.25 2.17 2.44 2.25 2.5 2.41 2.31 2.35 2.23 2.36 2.35 2.48 2.26 2.49 2.5 2.38 2.26
PID_IL8_CXCR1_PATHWAY 2.87 2.76 2.72 2.67 2.8 2.71 2.36 2.39 2.62 2.46 2.35 2.65 2.52 2.54 2.52 2.77 2.79 2.71 2.67 2.56 2.73 2.77 2.68 2.51 2.42 2.66 2.56 2.43 2.65 2.48 2.48 2.57 2.81 2.56 2.6 2.54 2.71 2.62 2.91
PID_MYC_REPRESS_PATHWAY 2.47 2.5 2.58 2.59 2.58 2.67 2.5 2.67 2.61 2.73 2.4 2.62 2.7 2.69 2.65 2.57 2.53 2.58 2.45 2.58 2.64 2.56 2.49 2.59 2.65 2.59 2.74 2.48 2.67 2.71 2.53 2.59 2.65 2.71 2.6 2.68 2.66 2.79 2.48
PID_HIF1_TFPATHWAY 2.73 2.69 2.66 2.7 2.71 2.67 2.46 2.55 2.67 2.63 2.39 2.69 2.53 2.65 2.65 2.62 2.63 2.7 2.53 2.55 2.74 2.67 2.61 2.51 2.59 2.65 2.67 2.46 2.6 2.48 2.62 2.56 2.68 2.63 2.63 2.64 2.62 2.66 2.72
PID_TAP63_PATHWAY 2.14 2.06 2.16 2.32 2.2 2.29 2.06 2.09 2.22 2.2 2 2.07 2.13 2.27 2.16 2.14 2.19 2.12 2.07 2.14 2.32 2.21 2.14 2.17 2.11 2.2 2.27 2.14 2.12 2.16 2.19 2.17 2.27 2.34 2.2 2.27 2.25 2.43 2.14
PID_EPHRINB_REV_PATHWAY 2.43 2.36 2.42 2.52 2.45 2.43 2.23 2.27 2.36 2.24 2.11 2.29 2.24 2.33 2.2 2.36 2.4 2.41 2.3 2.26 2.5 2.38 2.32 2.41 2.35 2.4 2.36 2.29 2.31 2.23 2.43 2.31 2.48 2.32 2.28 2.41 2.46 2.43 2.5
PID_BARD1_PATHWAY 2.41 2.32 2.22 2.46 2.42 2.44 2.18 2.31 2.46 2.32 2.23 2.36 2.24 2.3 2.33 2.36 2.42 2.37 2.2 2.19 2.5 2.36 2.27 2.29 2.38 2.44 2.38 2.34 2.36 2.22 2.25 2.14 2.41 2.25 2.3 2.23 2.37 2.5 2.44
PID_P53_REGULATION_PATHWAY 2.57 2.52 2.54 2.58 2.6 2.63 2.43 2.51 2.61 2.54 2.45 2.55 2.54 2.52 2.52 2.56 2.61 2.6 2.51 2.48 2.57 2.58 2.52 2.56 2.6 2.6 2.57 2.47 2.56 2.54 2.52 2.47 2.64 2.55 2.51 2.54 2.61 2.65 2.62
PID_TOLL_ENDOGENOUS_PATHWAY 2.63 2.58 2.64 2.76 2.72 2.8 2.54 2.78 2.73 2.89 2.55 2.62 2.78 2.79 2.92 2.71 2.62 2.58 2.55 2.61 2.73 2.6 2.71 2.87 2.87 2.79 2.88 2.58 2.66 2.79 2.85 2.71 2.79 2.77 2.87 2.84 2.7 3.04 2.66
PID_NCADHERIN_PATHWAY 2.66 2.68 2.7 2.7 2.79 2.79 2.58 2.76 2.74 2.75 2.55 2.62 2.77 2.66 2.64 2.74 2.76 2.66 2.69 2.65 2.75 2.75 2.76 2.74 2.73 2.76 2.78 2.66 2.73 2.65 2.68 2.7 2.72 2.59 2.63 2.67 2.7 2.77 2.69
PID_ANTHRAX_PATHWAY 2.62 2.41 2.21 2.34 2.43 2.38 2.04 1.98 2.28 2.21 2.02 2.14 2 2.29 2.27 2.32 2.49 2.49 2.23 2.02 2.42 2.37 2.18 2.08 2.23 2.28 2.21 2.09 2.09 2.07 2.19 2.08 2.56 2.37 2.22 2.17 2.27 2.24 2.57
PID_S1P_S1P2_PATHWAY 2.57 2.52 2.57 2.39 2.45 2.47 2.48 2.42 2.51 2.33 2.46 2.49 2.37 2.43 2.4 2.52 2.53 2.49 2.41 2.48 2.43 2.49 2.47 2.41 2.35 2.51 2.39 2.44 2.46 2.42 2.33 2.4 2.51 2.44 2.41 2.37 2.46 2.35 2.49
PID_RAS_PATHWAY 2.34 2.33 2.27 2.2 2.22 2.4 2.06 2.24 2.15 2.18 2.02 2.33 2.15 2.15 2.19 2.21 2.22 2.33 2.26 2.21 2.23 2.24 2.3 2.08 2.25 2.19 2.15 2.08 2.22 2.11 2.11 2.16 2.26 2.28 2.24 2.14 2.26 2.25 2.15
PID_MAPK_TRK_PATHWAY 1.86 1.81 1.83 1.81 1.7 1.79 1.6 1.66 1.77 1.7 1.55 1.73 1.73 1.74 1.63 1.73 1.74 1.82 1.7 1.64 1.84 1.74 1.73 1.62 1.78 1.76 1.74 1.67 1.75 1.73 1.76 1.65 1.82 1.7 1.66 1.71 1.77 1.71 1.9
PID_PI3K_PLC_TRK_PATHWAY 2.71 2.49 2.48 2.52 2.66 2.56 2.39 2.39 2.59 2.46 2.38 2.51 2.32 2.49 2.47 2.57 2.72 2.56 2.47 2.44 2.68 2.64 2.44 2.42 2.43 2.63 2.46 2.43 2.57 2.42 2.63 2.4 2.67 2.48 2.47 2.44 2.55 2.52 2.73
PID_CD8_TCR_DOWNSTREAM_PATHWAY 2.65 2.59 2.57 2.67 2.66 2.65 2.33 2.42 2.46 2.54 2.38 2.45 2.29 2.54 2.53 2.57 2.62 2.66 2.52 2.45 2.73 2.65 2.53 2.44 2.54 2.53 2.56 2.5 2.46 2.34 2.54 2.49 2.68 2.57 2.6 2.58 2.61 2.6 2.65
PID_EPHA2_FWD_PATHWAY 2.57 2.52 2.62 2.8 2.67 2.71 2.59 2.62 2.67 2.52 2.68 2.67 2.5 2.58 2.61 2.62 2.57 2.56 2.53 2.66 2.74 2.61 2.56 2.67 2.75 2.7 2.64 2.73 2.67 2.53 2.68 2.67 2.58 2.67 2.58 2.65 2.55 2.78 2.47
PID_LYMPH_ANGIOGENESIS_PATHWAY 2.03 1.94 2.12 2.17 2.08 2.17 1.87 2.05 1.95 1.98 1.8 1.89 1.81 2.02 1.97 2 2.01 2.04 2.05 2.08 2.22 1.97 1.9 1.96 2.15 2.04 1.98 1.85 1.85 1.85 2.09 1.99 2.05 2.07 1.99 2.03 2.11 2.11 2.05
PID_ALPHA_SYNUCLEIN_PATHWAY 2.92 2.67 2.5 2.32 2.76 2.48 2.36 2.23 2.66 2.36 2.15 2.62 2.52 2.49 2.31 2.58 2.83 2.6 2.46 2.22 2.56 2.75 2.43 2.33 2.26 2.41 2.34 2.16 2.43 2.57 2.23 2.26 2.69 2.44 2.31 2.3 2.48 2.38 2.82
PID_FGF_PATHWAY 2.54 2.49 2.56 2.73 2.6 2.66 2.45 2.56 2.58 2.55 2.55 2.59 2.58 2.56 2.6 2.6 2.57 2.56 2.46 2.53 2.68 2.59 2.52 2.54 2.52 2.58 2.65 2.58 2.61 2.5 2.6 2.56 2.63 2.62 2.61 2.64 2.62 2.65 2.51
PID_INTEGRIN_A4B1_PATHWAY 2.67 2.47 2.52 2.83 2.65 2.56 2.47 2.57 2.68 2.55 2.51 2.56 2.55 2.53 2.57 2.54 2.7 2.63 2.48 2.48 2.71 2.58 2.5 2.57 2.51 2.7 2.55 2.57 2.66 2.55 2.56 2.41 2.67 2.5 2.58 2.45 2.61 2.66 2.7
PID_RAC1_PATHWAY 2.53 2.41 2.37 2.41 2.5 2.48 2.25 2.33 2.48 2.36 2.23 2.37 2.24 2.38 2.4 2.45 2.51 2.47 2.33 2.31 2.57 2.47 2.34 2.35 2.33 2.51 2.45 2.35 2.38 2.27 2.35 2.3 2.52 2.39 2.42 2.36 2.44 2.45 2.49
PID_RB_1PATHWAY 2 1.99 2 2.29 2.16 2.21 1.92 2.08 2.07 2.2 1.95 2.05 2.01 2.15 2.11 1.98 2 2.11 1.93 1.99 2.27 2.15 2.04 2.1 2.14 2.12 2.24 2.1 2.07 2.02 2.16 1.98 2.2 2.18 2.17 2.17 2.17 2.28 2.09
PID_FAK_PATHWAY 2.26 2.25 2.32 2.48 2.33 2.39 2.19 2.33 2.33 2.32 2.19 2.29 2.26 2.32 2.28 2.31 2.27 2.32 2.21 2.25 2.45 2.28 2.26 2.3 2.4 2.37 2.37 2.27 2.31 2.23 2.37 2.23 2.34 2.37 2.3 2.33 2.35 2.42 2.26
PID_TGFBR_PATHWAY 2.42 2.21 2.21 2.32 2.36 2.37 2.14 2.21 2.32 2.22 2.13 2.32 2.23 2.24 2.23 2.31 2.37 2.28 2.21 2.19 2.35 2.34 2.2 2.25 2.3 2.37 2.31 2.26 2.25 2.15 2.26 2.18 2.39 2.25 2.32 2.23 2.28 2.36 2.38
PID_HES_HEY_PATHWAY 2.25 2.21 2.32 2.52 2.36 2.44 2.21 2.34 2.37 2.47 2.23 2.41 2.37 2.31 2.38 2.25 2.29 2.33 2.22 2.35 2.55 2.35 2.34 2.35 2.31 2.35 2.46 2.3 2.34 2.25 2.35 2.32 2.39 2.34 2.42 2.43 2.42 2.46 2.25
PID_IL12_STAT4_PATHWAY 2.29 2.35 2.21 2.47 2.32 2.41 2 2.28 2.18 2.13 2.22 2.13 1.88 2.22 2.26 2.33 2.22 2.38 2.29 2.15 2.63 2.32 2.21 2.13 2.35 2.28 2.39 2.33 2.14 1.98 2.13 2.16 2.35 2.26 2.4 2.36 2.35 2.42 2.46
