67
70
44
71
58
65
51
42
58
59
67
67
54
63
57
60
51
70
60
49
50
62
58
65
71
62
82
52
79
57
63
65
71
42
60
58
69
67
54
69
57
70
73
45
62
49
67
62
76
39
72
61
69
64
69
67
56
70
61
73
67
58
63
57
60
59
67
78
70
65
67
69
60
58
69
61
63
50
59
51
59
42
79
71
51
63
59
59
59
60
62
45
50
58
58
75
78
53
42
42
49
40
43
62
74
52
78
74
70
69
75
62
62
42
61
36
30
48
50
72
65
58
61
76
61
55
56
67
54
75
36
71
40
71
66
39
71
80
70
64
61
48
75
47
75
71
49
58
62
62
59
58
67
57
65
74
53
49
57
59
39
49
69
59
60
64
71
71
69
47
60
58
65
78
71
59
58
69
52
65
55
64
72
62
39
63
58
66
60
53
55
67
56
69
77
42
52
60
58
42
69
66
39
71
72
35
58
70
59
67
74
72
50
74
57
81
58
49
63
57
42
67
54
74
66
47
71
70
67
69
77
54
62
47
63
60
67
